"Category id","Parent id","Name ru_ru","Description ru_ru","Meta title ru_ru","Meta H1 ru_ru","Meta description ru_ru","SEO url 0 ru_ru",Image
1164,0,"Товары для собак","<h2>Купить товары для собак любой породы в интернет–магазине Zoocomplex </h2><p>Существует огромное разнообразие пород собак. И каждая из них имеет свои особенности. Но, несмотря на различие, владельцы домашних животных хотят дать своему любимцу все, в чем нуждается именно его порода. В разделе товаров для собак вы найдете товары только наилучшего качества известных марок. Все, что нужно для комфортной жизни вашего верного члена семьи, и все, что может понадобиться в уходе за ним, заботливый владелец собаки сможет найти на нашем сайте в разделе товары для собак.</p><p>Широкий ассортимент для породы вашего любимца<br></p><p>Не секрет, что разные породы псов требуют различного ухода и питания. На нашем сайте вы сможете подобрать все необходимое как для маленьких пород, так и для больших.</p><p>Интернет магазин для собак вашему вниманию предлагает следующие товары:</p><ul><li>Аксессуары для собак. Для более крупных пород обязательно иметь такие необходимые аксессуары, как надежный ошейник и поводок. Также обязательно прикупить и намордник для прогулок. Собачек маленьких пород часто украшают такими предметами как заколочки, резинки и красивые ошейники. Все это есть у нас!</li></ul><ul><li>Ветеринарные препараты – каждой без исключения породе нужно обеспечить ветеринарный уход. Ветпрепараты для профилактики и оказания первой помощи любимцу обязаны быть в каждой аптечке. Антигельментные, вакцины, микрочипы, препараты от блох и клещей, противовоспалительные – у нас вы сможете приобрести все необходимое. </li></ul><ul><li>Витамины и лакомства в виде полезных косточек, специальных конфет и даже масла – ваши помощники для пополнения витаминами и полезными веществами организма собаки.<br></li></ul><ul><li>Корма и подкормки для собак. Выбирая корм для своей собаки, нужно кроме породы учитывать еще и возраст. Бывает корм для крупных, мелких пород. Также для взрослых собак или щенков. Также существует специальный диетический корм для рациона питомца. Вы сможете подобрать любимый вид питания – сухой корм или влажный, паштеты или консервы.<br></li></ul><ul><li>Лежанки, мягкие места. У каждого из нас есть свое любимое место в доме. И собака – не исключение. Приготовьте для своего друга мягкое уютное место – и вы увидите благодарность и преданность в ответ.<br></li></ul><ul><li>Одежда. Некоторые породы собак будут попросту мерзнуть на сырой улице без одежды. Учитывайте породу и размеры своего собаки, и вы сможете подобрать любой понравившийся наряд.<br></li></ul><ul><li>Переноски и клетки для собак. Весьма важная вещь при транспортировке больших и маленьких пород. Обязана быть у каждого собаковода. Если для больших пород металлическая клетка-переноска – практичная и необходимая вещь, то для маленьких удобная сумочка-переноска с отверстием для головы станет стильным аксессуаром.<br></li></ul><ul><li>Средства по уходу за собакой – очищающие средства и шампуни вы сможете подобрать по типу шерсти, чувствительности кожи. Также представлены защитные средства, которые помогут избежать заражения паразитами.<br></li></ul><ul><li>Туалеты для собак. Тренировочные туалеты и пеленки для собак, силиконовый туалет и другие средства гигиены являются неотъемлемой частью сосуществования человека и его любимца и содержания дома в чистоте.</li></ul><div><br><h3>Как выбрать и где приобрести все необходимое для любимой собаки</h3><p>Вы желаете пополнить гардероб вашего любимца или сделать очередные необходимые покупки, но устали искать все в разных местах по приемлемым ценам и в широком ассортименте?</p><p>Наш интернет-магазин zoocomplex.com.ua предлагает купить товары для собак в Украине по наилучшим ценам и только высокого качества.</p><p>Товары для собак – это очень важный момент, который нельзя игнорировать, когда заводите четвероногого верного друга.</p><h4>Что нужно учитывать при покупке необходимых зоотоваров для собак:</h4><ol><li>основные первоочередные потребности питомца на данный момент;<br></li><li>возраст собаки;<br></li><li>особенности своей породы;<br></li><li>качество покупаемой продукции. Доверяйте только проверенным брендам;<br></li><li>ценовая категория, которая подходит вашему бюджету.</li></ol><div>Очень удобно выбирать <a href=""https://zoocomplex.com.ua/tovary-dlya-koshek"" target=""_blank"" rel=""noopener"">желаемый товар</a>, пользуясь фильтрами. Например, отбирать по производителю, наличию или другим параметрам. Если у вас есть сомнения или возникли любые вопросы, магазин для собак в Украине и наши консультанты помогут с выбором и подскажут интересующие характеристики. Наше компетентное и вежливое обслуживание доказано тысячами довольных клиентов!</div><h3>Как заказать товары для собак</h3><p>На <a href=""https://zoocomplex.com.ua/about_us"" target=""_blank"" rel=""noopener"">нашем сайте</a> существует несколько способов оформления заказа. Вы можете воспользоваться наиболее удобным:</p><ul><li>С помощью корзины. Просто добавьте понравившийся товар в корзину, после чего пройдите короткую процедуру заполнения контактной информации.<br></li><li>Позвоните по номерам, указанным на сайте. На ваш выбор представлены номера нескольких операторов. Вы можете воспользоваться любым для связи с оператором, который сможет принять и оформить заказ.<br></li></ul></div>","Товары для собак купить в интернет магазине. Заказать в Киеве, Украине","Товары для собак","Купить товары для собак в зоомагазине ZOOcomplex. Собачьи принадлежности в интернет магазине по доступным ценам. Звоните ☎ (067) 634-51-39, (050) 421-54-94. Доставка в Киев, Днепр, Одессу, Харьков, Львов.",tovary-dlya-sobak,https://zoocomplex.com.ua/image/catalog/category-1164.jpg
1172,0,"Товары для кошек","<p>Присутствие кошек в доме не может не радовать его хозяев, они ждут нашего прихода, а вечером усаживаются на коленки, мурчат или просят поиграть с ними. Со своей стороны хозяин должен обеспечить своего питомца всеми удобствами и всевозможными аксессуарами. Многие товары для кошек ориентированы на определенную породу, которую можно уточнить у заводчика, но в основной массе аксессуары подходят для всех кошек. Существуют специальные интернет магазины, которые предлагает все для кошек на страницах своих сайтов, где вы без проблем купите все необходимое. Первым делом стоит позаботиться о спальном месте питомца, о его питании и куда ему необходимо ходить в туалет.</p><p><br></p><p></p><p style=""margin-top: 0pt; margin-bottom: 0pt; line-height: 1.38;""></p><h2 style="""">Питание</h2><p style=""margin-top: 0pt; margin-bottom: 0pt; line-height: 1.38;""><br></p><p style=""margin-top: 0pt; margin-bottom: 0pt; line-height: 1.38;"">Питомцу необходимо полноценно питаться и пить чистую воду, для этого стоит приобрести две мисочки: глубокую и плоскую. </p><p style=""margin-top: 0pt; margin-bottom: 0pt; line-height: 1.38;"">Мисочки можно выбрать:<br></p><ul><li>Стеклянные;<br></li><li>Фаянсовые;<br></li><li>Эмалированные.<br></li></ul><p>Для питания и питья не подходит пластмассовая посуда, в такой посуде быстро появляются неблагоприятные бактерии. Керамика и нержавейка станут лучшим выбором для использования в качестве миски, их удобно мыть, а повредить достаточно трудно. Миску лучше всего выбирать на подставке.</p><p><br></p><p></p><p></p><p></p><p style=""margin-top: 0pt; margin-bottom: 0pt; line-height: 1.38;""></p><h2 style="""">Туалет</h2><p></p><p style=""margin-top: 0pt; margin-bottom: 0pt; line-height: 1.38;""><br></p><p style=""margin-top: 0pt; margin-bottom: 0pt; line-height: 1.38;"">Туалет самая важная вещь в обиходе кота, подбирать его необходимо ещё с детства, когда котёночек ещё совсем маленький. При появлении кошки в доме лучше разместить несколько видов лотков: большие и маленькие, открытые и закрытые, чтобы котенок сам выбрал более удобный ему.<br>Подбор туалета будет зависеть от используемого наполнителя, к примеру, для древесного наполнителя лучше использовать лоток с решеткой, чтобы опилки проходили сквозь решётки, и они не растаскивались на лапках кошки по всему дому. Лоток обязательно нужно менять два раза в день, а один раз в неделю мыть с использованием чистящих средств, после чего хорошо ополаскивать. Наполнители бывают комкающие и впитывающие, древесные и синтетические, бывают также минеральные.</p><p style=""margin-top: 0pt; margin-bottom: 0pt; line-height: 1.38;""><br></p><p style=""margin-top: 0pt; margin-bottom: 0pt; line-height: 1.38;""></p><h2 style="""">Корм</h2><p></p><p style=""margin-top: 0pt; margin-bottom: 0pt; line-height: 1.38;""><br></p><p style=""margin-top: 0pt; margin-bottom: 0pt; line-height: 1.38;"">Кормить кошку необходимо с учётом ее возраста, вначале покупать котёнку стоит влажный корм в пакетиках, в которых четко указано возраст, у более взрослых кошек уже имеются свои вкусовые предпочтения, поэтому покупать корм будете уже с учётом этих факторов. Воду лучше использовать бутилированную, менять ее необходимо 2-3 раза в день, чтобы она не застаивалась.<br><br></p><p style=""margin-top: 0pt; margin-bottom: 0pt; line-height: 1.38;"">При натуральном питании кошки необходимы витамины. Нехватку микроэлементов можно заметить при ухудшении состояния шерсти, кожи, может снижаться активность питомца. Витамины разделяются на общеукрепляющие и корректирующие. Специальные витаминные комплексы необходимы беременным кошка, пожилым или совсем маленьким котятам.</p><p style=""margin-top: 0pt; margin-bottom: 0pt; line-height: 1.38;"">Общеукрепляющие витамины применяются ежедневно, содержат необходимые полезные элементы, содержат витамины группы A, витамины D, витамины C, E, B. Корректирующие назначаются при заболеваниях, использовать их можно в профилактических целях.</p><p style=""margin-top: 0pt; margin-bottom: 0pt; line-height: 1.38;""><br></p><p style=""margin-top: 0pt; margin-bottom: 0pt; line-height: 1.38;""></p><h2 style="""">Переноска</h2><p></p><p style=""margin-top: 0pt; margin-bottom: 0pt; line-height: 1.38;""><br></p><p style=""margin-top: 0pt; margin-bottom: 0pt; line-height: 1.38;"">При переездах или во время путешествий переноска служит отличным временным домом для кошки, использовать ее можно также для визитов к ветеринару или во время поездки в гости. Большой выбор переносок в магазинах позволит выбрать средство для транспортировки на любой вкус и цвет.<br></p><p style=""margin-top: 0pt; margin-bottom: 0pt; line-height: 1.38;"">Плюсы сумок-переносок:<br></p><ul><li>Имеются ручки;<br></li><li>Стенки переноски не прозрачные, благодаря этому кошка не испытывает большого стресса, это даёт ей чувство защищённости;<br></li><li>Переноски из пластмассы защитят кошку от ударов во время поездки;<br></li><li>Окошки позволяют контролировать состояние кошки.<br></li></ul><p>Многие кошки боятся проводить время на улице, благодаря сумкам-переноскам их легче адаптировать к уличным прогулкам.<br></p><p></p><p style=""margin-top: 0pt; margin-bottom: 0pt; line-height: 1.38;""></p><h2 style="""">Когтеточка</h2><p></p><p style=""margin-top: 0pt; margin-bottom: 0pt; line-height: 1.38;"">Кошки любят точить свои ноготки, и обычно излюбленным местом у них для этого становится мебель, в таких ситуациях хозяева прибегают к приобретению ещё одного аксессуара для кошек когтеточки. При желании ее можно купать в любом зоомагазине, а можно сконструировать и самим, причем на выбор из любых материалов: дерево или мешковина. Детали скрепляют клеем или гвоздями. Шестигранные когтеточки отлично вписываются в уголке возле дивана, таким образом можно быстро отучить котенка драть боковины мебели.</p><p style=""margin-top: 0pt; margin-bottom: 0pt; line-height: 1.38;""><br></p><p style=""margin-top: 0pt; margin-bottom: 0pt; line-height: 1.38;""></p><h3 style="""">Когтерезки для кошек</h3><p></p><p style=""margin-top: 0pt; margin-bottom: 0pt; line-height: 1.38;""><br></p><p style=""margin-top: 0pt; margin-bottom: 0pt; line-height: 1.38;"">Кроме когтеточки в доме может понадобиться ещё один немаловажный аксессуар для котов когтерезки. Использовать маникюрные ножницы для этих целей нельзя, они приведут лишь к расслаиванию когтей и их травмирования. Многие хозяева прибегают к полному удалению ногтей, но этого делать не стоит, ведь кошка становится инвалидом, при удалении когтей удаляется и крайняя фаланга пальцев.</p><p style=""margin-top: 0pt; margin-bottom: 0pt; line-height: 1.38;""><br></p><p style=""margin-top: 0pt; margin-bottom: 0pt; line-height: 1.38;""></p><h2 style="""">Средства для ухода</h2><p></p><p style=""margin-top: 0pt; margin-bottom: 0pt; line-height: 1.38;""><br></p><p style=""margin-top: 0pt; margin-bottom: 0pt; line-height: 1.38;"">Кошки требует тщательного ухода, их необходимо купать и вычёсывать шерсть. В продаже имеются специальные расчески-чесалки, благодаря которым шерсть не попадает в желудок при вылизывании. Вычесывать кошечку можно хоть каждый день.<br>Приобрести также необходимо гигиенические принадлежности для кошек. Шампуни при этом должны быть специально кошачьи, они имеют специальный состав, который избавляет от паразитов и способствует оздоровлению кожи и шерсти.</p><p style=""margin-top: 0pt; margin-bottom: 0pt; line-height: 1.38;""><br></p><p style=""margin-top: 0pt; margin-bottom: 0pt; line-height: 1.38;""></p><h2 style="""">Игрушки</h2><p></p><p style=""margin-top: 0pt; margin-bottom: 0pt; line-height: 1.38;""><br></p><p style=""margin-top: 0pt; margin-bottom: 0pt; line-height: 1.38;"">С кошечками обязательно нужно активно играть, тренировать прыжки, а также ловчие навыки. Отличным аксессуаром будет для этих целей украшение на палочке, а также все шуршащие и мягкие изделия. </p><p style=""margin-top: 0pt; margin-bottom: 0pt; line-height: 1.38;"">В качестве игрушек можно купить:<br></p><ol><li>Мячики;<br></li><li>Перышки на палочке;<br></li><li>Кошачьи погремушки;<br></li><li>Игрушечных мышек.<br></li></ol><p>При этом при покупке мышек имейте в виду, что они лишены запаха и других отличий от живых мышек, поэтому котик может не воодушевиться их ловлей. А вот игрушечных мышей, выполненных из искусственного меха, вообще не стоит покупать.<br></p><p></p><p style=""margin-top: 0pt; margin-bottom: 0pt; line-height: 1.38;"">Купить товары для кошек можно в наших оффлайн зоомагазинах или заказать в интернет магазине Zoocomplex.com.ua, существует <a href=""https://zoocomplex.com.ua/tovary-dlya-ryb"" target=""_blank"">огромный ассортимент товаров</a> в зависимости от ваших предпочтений. Выбрать нужные для кошки аксессуары стоит заранее, это станет залогом вашей скорой дружбы и быстрой адаптации питомца к новому месту.</p>","Товары Для Кошек Купить по Низким Ценам — Всё Для Котов и Котят","Товары для кошек","Купить товары для кошек по доступным ценам в зоомагазине — ZOOcomplex. Большой выбор аксессуаров и принадлежностей для котов и котят. Звоните ☎ (067) 634-51-39, (050) 421-54-94. Доставка в Киев, Днепр, Одессу, Харьков, Львов.",tovary-dlya-koshek,https://zoocomplex.com.ua/image/catalog/category-1172.jpg
1181,0,"Товары для грызунов","<br><p>Покупка хорошей и просторной клетки – это только первый шаг к созданию комфортной среды для грызунов. Здоровье этих <a href=""https://zoocomplex.com.ua/drugie-tovary/tovary-dlya-horkov"" target=""_blank"">домашних питомцев</a> зависит от множества факторов: питания, добавок, витаминов, игрушек и качественных наполнителей в клетке. Поэтому для того, чтобы обеспечить любимцу долгую и счастливую жизнь, каждый владелец должен знать перечень необходимых товаров для грызунов.</p><br><h2>Спальное место</h2><br><p>Грызуны могут спать где угодно, в том числе и посередине клетки. Но, как и многие другие животные, всё же любят найти для себя удобное и безопасное место. Сегодня интернет-магазины для грызунов предлагают много вариантов на выбор.</p><br><h2>Гамаки</h2><br><p>Грызуны очень любят гамаки. Они сидят на них, отдыхают, спят и даже могут использовать в качестве батутов. Также нужно учитывать, что они любят их грызть. Но если вы хотите доставить питомцу удовольствие, то в зоомагазинах для грызунов можно найти мягкие спальные трубки, плоские, комбинированные и даже двухъярусные гамаки.</p><br><h2>Коробки и домики</h2><br><p>Большинство грызунов любят спать в закрытом пространстве, это напрямую связано с их природой. Наиболее простой и дешёвый вариант – картонные коробки. Но они нуждаются в регулярной замене, так как питомцы очень быстро их портят.</p><br><p>Среди многоразовых домиков и коробок встречаются те, что крепятся сверху, и те, что ставятся на основание клетки. Все типы домиков, как правило, обладают хорошей вентиляцией. Ведь не секрет, что грызуны могут справлять нужду прямо там, поэтому необходимо достаточное количество отверстий для воздуха, чтобы предотвратить накопление аммиака. </p><br><h2>Туалет</h2><br><p>Несмотря на свои неприятные привычки, некоторые грызуны очень чистоплотны и легко обучаются ходить по нужде в определённое место в клетке. Туалет можно соорудить из подручных средств или купить готовый в интернет зоомагазине для грызунов. Также владелец должен обязательно предусмотреть для туалета качественный наполнитель из натурального материала.</p><br><h2>Принадлежности для еды и питья</h2><br><p>Миски для еды должны быть изготовлены из материала, который невозможно сгрызть, и довольно тяжёлыми, чтобы питомец не смог их перевернуть. Особенно удобными в использовании являются автоматические кормушки с таймером, которые сами дозированно подают корм в клетку. А особенно увлекательными – держатели для фруктов и овощей, которые подвешиваются на прутья клетки.</p><br><p>Чистая вода – это самое важное, что необходимо для здоровья грызуна, поэтому лучше не использовать для неё открытую миску. Лучший способ дать питомцу питьевую воду – это поилки, прикрепленные к внешней стороне клетки.</p><br><h2>Корм и добавки</h2><br><p>Так же, как и люди, домашние животные нуждаются в сбалансированном питании и получении необходимых организму питательных веществ, витаминов и минералов. Надёжнее всего кормить питомцев качественным специализированным кормом. Можно дополнить такое питание свежими фруктами, овощами и даже мясом, так как многие грызуны всеядны, и их постоянно нужно снабжать белком. Владельцы, у которых не получается заполнить пробелы в рационе любимца, используют витаминные добавки для грызунов. Их добавляют в бутылку с водой или смешивают с пищей.</p><br><h2>Игрушки</h2><br><p>Грызуны любят играть и исследовать всё вокруг, поэтому в клетке должно быть много пространства и зон для активности. Конечно, лучшей активностью для питомцев является игра, тренировка или другое взаимодействие с хозяином. Но в то время, когда владелец не может занять своего питомца, с этим хорошо справляются товары для грызунов из интернет-магазина Zoocomplex.com.ua:</p><br><ul><li>Колёса, прогулочные шары – отличные аксессуары для клетки. Вместе с тем грызуны склонны делиться на тех, кто их игнорирует и тех, кто может проводить там целые часы. При выборе игрушек приоритетом является безопасность. Поэтому во избежание травм колесо должно быть без открытой сетки или стержней, из твёрдого пластика или металла, а также соответствовать размеру питомца.</li><li>Канаты, лестницы, верёвки – всё для грызунов, где они могут полазить, доставляет им огромное удовольствие.</li><li>Туннели – ещё одна любимая игрушка, которую грызуны любят исследовать и даже использовать в качестве домика.</li></ul><br><p>Обустраивая клетку, очень важно позаботиться о безопасности, убедиться, что нет острых углов, не используются токсичные материалы и нет мест, где питомец может застрять головой или лапой.</p><br>","Товары для грызунов купить в Киеве, Днепре, Харькове | Зоомагазин ZOOcomplex","Товары для грызунов","Купить товары для грызунов в зоомагазине ZOOcomplex. ✔️ Заказать всё для любимого питомца в интернет магазине с доставкой в Киев, Днепр, Одессу, Харьков, Львов, Запорожье ☎ (050) 398-61-14",tovary-dlya-gryzunov,https://zoocomplex.com.ua/image/catalog/category-1181.jpg
1182,1181,"Клетки для грызунов","<p>Клетки для грызунов - это жилище для вашего любимца, в котором он будет ощущать максимальный комфорт и уют. Очень важно подобрать клетку так, чтобы она подходила именно для вашего грызуна, ведь клетка для белки не подойдет для шиншиллы, а клетка для хомяка не подойдёт для морской свинки. Выбрать клетки для морских свинок в интернет-магазине стало еще проще.</p> <h2>Купить клетку для грызуна</h2> <p>Огромный выбор клеток по конструкциям и назначениям для грызунов вам предлагает интернет-магазин &laquo;Зоокомплекс&raquo;. Если вы решили приобрести морскую свинку, то самым важным и первым делом для нее является правильный выбор клетки.&nbsp;</p> <div> <p>Чтобы купить клетку для морской свинки в интернет-магазине, необходимо четко понимать, какую именно клетку стоит приобрести для вашего грызуна. Лучшим выбором клетки для морской свинки станет:</p> <ul> <li>материал &ndash; пластик;</li> <li>по размерам лучше длинную, чем высокую.</li> </ul> <p>Для морской свинки важно пространство, но не высота, т.к. падение с нее может привести к не самым лучшим последствиям. Самым оптимальным вариантом для вашего грызуна будет клетка:</p> <ul> <li>60см в длину и 30см в вышину;</li> <li>высокий поддон, который защитит внешнюю сторону клетки от мусора;</li> <li>пластиковый материал, морская свинка &ndash; грызун, а дерево станет их влечением;</li> <li>наличие встроенных аксессуаров: сенник, поилка, кормушка и домик.</li> </ul> <p>Всеми этими преимуществами обладает клетка tesoro <a href=""https://zoocomplex.com.ua/tovary-dlya-gryzunov/korma-i-podkormki-4"" target=""_blank"" rel=""noopener"">для грызунов</a>. Они легки в применении для вашего любимца, в использовании для вас (каркас легко снимается для чистки, всевозможные встроенные необходимые компоненты), и есть возможность выбрать клетку максимально подходящую к интерьеру вашей квартиры или офиса.</p> <h2>Выбрать клетку в интернет-магазине</h2> <p>Заказать клетку для морской свинки вы можете в интернет-магазине &laquo;Зоокомплекс&raquo;, в котором вам помогут подобрать помещение индивидуально и максимально подходящее для вашего грызуна, чтобы он чувствовал себя в нем комфортно и уютно.&nbsp;</p> <p>Для морской свинки очень важен размер, и чем больше ее домик, тем комфортнее она себя в нем чувствует. Этот грызун очень подвижен, замирает только во время сна или недолгого отдыха. Наши консультанты подскажут вам клетку и все ее составляющие в зависимости от возраста и характера вашего маленького друга.&nbsp;</p> <h2>Цена клетки для грызуна и доставка</h2> <p>Ознакомиться со всеми интересующими вас товарами для грызунов вы можете на сайте. Там же можно визуально познакомиться с выбираемым товаром, задать все интересующие вопросы компетентным консультантам, которые и помогут вам определиться с выбором. В интернет-магазине &laquo;Зоокомплекс&raquo; у вас есть возможность приобрести клетки для морских свинок недорого.&nbsp;</p> <p>Заказать клетки для морской свинки вы можете, добавив их в корзину или по указанному номеру телефона на сайте. Оплата производится любым удобным для вас образом:</p> <ul> <li>безналичным расчет через карту банка;</li> <li>наложенным платежом при отправке Новой Почтой;</li> <li>наличными при получении товара.</li> </ul> <p>А также вы можете забрать свой заказ в магазинах по адресам, указанным на сайте или воспользовавшись услугами любых удобных транспортных компаний.</p> <p>Нам доверяют более тысячи клиентов, многие из которых уже стали постоянными. Цены и ассортимент <a href=""https://zoocomplex.com.ua"" target=""_blank"" rel=""noopener"">интернет-магазина Зоокомплекс</a> всегда обновляется, что позволяет избавиться от неправильной информации или заказа, и что самое главное &ndash; отправка товара осуществляется в день заказа. Стоимость, ассортимент и его качество &ndash; это основные преимущества &laquo;Зоокомплекса&raquo;!</p> </div>","Клетки Для Грызунов Купить по Доступным Ценам в Киеве, Днепре, Харькове","Клетки для грызунов","Купить клетки для грызунов в зоомагазине ZOOcomplex. Описание характеристики цена отзывы. Звоните ☎ (067) 634-51-39, (050) 421-54-94. Доставка в Киев, Днепр, Одессу, Харьков, Львов.",kletki-i-aksessuary-2,https://zoocomplex.com.ua/image/catalog/category-1182.jpg
1183,1181,"Корм для грызунов","<br> <h2>Корм для грызунов</h2> <br> <p> Корм для грызунов производится с учетом особенностей пищеварения этих животных. Большое количество белков в корме для грызунов обеспечивает хорошее развитие мышечной системы. Содержание многих овощей и злаков поддерживает организм питомца в здоровом состоянии. Во многих кормах для грызунов можно найти горох, люцерну, морковь, изюм, из которых любимец получает все необходимые минеральные вещества.<br> Корма для грызунов содержат витамины А, Д3 и Е, очень важные для поддержания иммунитета и функционирования всех систем органов. Основу корма, как правило, составляют семена пшеницы, подсолнуха. Также широко употребляемы корма для грызунов в виде гранул. </p> <br> <h2>Лакомства для грызунов</h2> <br> <p> Лакомства для грызунов служат дополнением к повседневному корму животных и изготавливаются в различной форме: крекеры, печенюшки, палочки, дропсы из овощей и ягод. В этом разделе вы сможете подобрать вкуснятину для вашего зверька.<br> Лакомства для хомяков и морских свинок содержат мед и молоко для укрепления иммунитета, а также орехи и иногда глазурь и ягод. Кролики в качестве лакомств получают палочки с кукурузой или морковкой.<br> Крекеры для грызунов изготавливают из злаков и свежих овощей, семян подсолнуха. Такая вкусная добавка несомненно понравится Вашим любимцам, а витамины и минералы надежно укрепят здоровье грызунов и помогут поддержать хорошую физическую форму. </p> <br> <h2>Минеральные камни для грызунов</h2> <br> <p> Представленные минеральные камни для грызунов состоят из натуральных составляющих, богаты кальцием и минералами, важными для поддержания здоровья и повышения тонуса Вашего питомца. Также минеральные камни поддерживают здоровье зубов, что нужно <a href=""https://zoocomplex.com.ua/tovary-dlya-gryzunov/podstilki-dlya-gryzunov"" target=""_blank"">грызунам</a> в обязательном порядке.<br> В состав минеральных камней как правило входят: </p> <ul> <li> самые разные зерна - источник витаминов группы B; </li> <li> укроп - источник таких веществ, как каротин, витамин С; </li> <li> морковка - богата витаминами B и В2; </li> <li> овощи - содержат клетчатку для улучшения работы пищеварительной других систем органов. </li> </ul> <br>","Корм для грызунов купить в Киеве, Днепре, Харькове | интернет-магазин ZOOcomplex","Корм для грызунов","Купить корма для грызунов в зоомагазине ZOOcomplex по низкой цене. Звоните ☎ (067) 634-51-39, (050) 421-54-94. Доставка в Киев, Днепр, Одессу, Харьков, Львов.",korma-i-podkormki-4,https://zoocomplex.com.ua/image/catalog/category-1183.jpg
1184,1181,"Подстилки для грызунов","<p><br>Подстилка для грызунов - это полностью растительный, натуральный продукт для вашего хомячка, крысы или морской свинки. Подстилка для грызунов изготавливается из впитывающих, пушистых волокон.<br></p><p>Этот <a href=""https://zoocomplex.com.ua/tovary-dlya-gryzunov/kletki-i-aksessuary-2"" target=""_blank"">аксессуар</a> обеспечит Вашему маленькому животному уют и удобство. Преимущество таких изделий состоит еще в невозможности проглатывания ее грызуном, в отличие от опилок или песочка. Подстилки для грызунов, как правило не вызывают раздражений кожи и аллергических реакций питомца.<br>Насыпные подстилки для грызунов изготавливают из экологически чистых опилок, которые не пылят и хорошо поглощают запах.</p>","Подстилки для грызунов купить в Киеве, Днепре, Харькове | Интернет-магазин ZOOcomplex","Подстилки для грызунов","Заказать подстилки для грызунов в зоомагазине ZOOcomplex. Описание характеристики цена отзывы. Звоните ☎ (067) 634-51-39, (050) 421-54-94. Доставка в Киев, Днепр, Одессу, Харьков, Львов.",podstilki-dlya-gryzunov,https://zoocomplex.com.ua/image/catalog/category-1184.jpg
1185,0,"Товары для рыб","<br><p>Аквариумистика достаточно увлекательное хобби, способствует нормализации психики и устранению нервных срывов. Аквариумы прекрасно дополняют интерьер. Интернет - магазины аквариумов предлагают в наше время большой выбор аквариумного оборудования. Можно растеряться при выборе подходящего аквариума и необходимых принадлежностей к нему. Как выбрать хороший резервуар и подобрать правильно все для аквариума?</p><br><p>В самом начале выбора аквариума стоит задуматься о подходящей форме, которая идеально впишется в интерьер. Самым минимальным идеальным объемом считается 60 л., но оптимальным будет приобрести все-таки 100 л. Они могут быть каркасные и бескаркасные, порой их можно даже подвесить, некоторые модели сразу продаются на подножке.</p><br><p>Резервуары бывают:</p><ul><li>Круглой формы;</li><li>Кубической формы;</li><li>Прямоугольной формы;</li><li>Панорамной формы (когда обзорное стекло выпуклое);</li><li>Пирамидоидальной формы.</li></ul><br><p>При выборе аквариума учитывает некоторые нюансы. Устанавливая его, помните, что в будущем должна производиться чистка резервуара, кормление рыбок, размещение растений или аксессуаров, поэтому располагаться он должен удобно. В искусственный водоём не должны попадать прямые солнечные лучи, а при размещении рыбок соотносите объём ёмкости к количеству рыбок. Обычно на 1 литр воды берется 1 см. взрослой особи рыбки, такие соотношения необходимы, чтобы избежать конфликтов между обитателями.</p><br><h2>Аксессуары для аквариума</h2><br><p>Приобретая аквариум, к нему покупается и определенный набор оборудования:</p><ul><li>Водонагреватель;</li><li>Подсветка;</li><li>Фильтр;</li><li>Грунт;</li><li>Компрессор.</li></ul><br><p>Аква магазины вместе с резервуарами предлагают крышки, которые оснащены подсветкой и специальные тумбы к ним. При ограничении пространства под установку аквариума, такое предложение актуально, при этом помимо освещения, крышка также способствует меньшему испарению воды, ограничит выпрыгивания рыбок, позволит контролировать освещение в аквариуме. Дополнительно можно также присмотреть и охлаждающий вентилятор, он позволит не перегреть водичку.</p><br><h2>Водонагреватель</h2><br><p>Бывают они трёх видов, один из которых устанавливается непосредственно в грунт - донный. Он благоприятно влияет на расположенные в нем растения. Второй вид нагревателя называется внешний проточный, располагается он снаружи, врезают его в шланг фильтра, чтобы равномерно прогревать воду в резервуаре. Погружной вид опускают до необходимой отметки.</p><br><h2>Подсветка</h2><br><p>Выбирая лампу, имейте в виду, что мощность света не должна быть ниже отметки 0,5 Вт на 1 литр воды, мощность больше приемлема, но не меньше. Выключать лампу стоит хотя бы на 1 час каждый день.</p><br><h2>Фильтр</h2><br><p>Фильтр обеспечивает чистоту в резервуаре, это самый главный предмет аквариума. Донный фильтр устанавливается под грунт, чтобы способствовать также очищению грунта и почвы. Внешний аппарат устанавливается вне резервуара, для домашних аквариумов лучше выбирать второй вариант, так как первый потребует сложного монтажа и трудного ухода.</p><br><h2>Компрессор</h2><br><p>Он обеспечивает подачу воздуха в аквариум и аэрирует воду в резервуаре. При выборе стоит учитывать основные показатели: регулировку потока воздуха, бесшумность при работе, мощности агрегата. Мощность рассчитывают как объем, умноженный на 0,5. А вот бесшумность работы проверить стоит при включении непосредственно перед покупкой.</p><br><h2>Грунт</h2><br><p>Самым подходящим считается гравий, не имеющий острых краев. Грунт размещать не стоит более 7 см, чтобы растения росли быстрее и крепче.Расстилать гальку толще не следует, через грунт должна проходить чистая водичка.Подбирая грунт для искусственного водоема, подобрать стоит песок в соответствии 1,5-2 мм, либо гальку 2-8 мм. Если песок расположить мельче, в нем заведутся неблагоприятные бактерии. При выборе песка обращайте внимание на его цвет, жёлтый или красный содержит железо, что может привести к вступлению в реакцию с водичкой. Для создания естественной атмосферы грунт должен быть более темных оттенков.</p><br><h2>Обитатели и растительность</h2><br><p>При установке аквариума для начала стоит выбирать живородящих рыб, таких как: меченосцы, гупии, пецилии и моллинезии. Они не требуют особого внимания, содержать и ухаживать за ними одно удовольствие.</p><br><p>Постепенно к ним можно подселить и сомиков. Они разнообразят внешний вид своей раскраской и формой. Кроме того, они поедают остатки пищи, являются чистильщиками для растений.</p><br><p>К выбору растений необходимо отнестись серьезно. Для начала можно выбрать простые недорогие растения. Можно взять элодею, криптокарину, ряску или ричию. Изысканности добавит кладорфу либо яванский мох.</p><br><p>Что касается, имеющихся аксессуаров для аквариума, то в их разнообразии легко потеряться. Магазины аквариумистики помогут вам с выбором. Самыми популярными считаются замки и пещерки, корабли и сундуки с монетками, все будет зависеть от выбранной тематики. Особо увлекаться аксессуарами не стоит, чтобы не создать эффект свалки, проявить важно фантазию и придерживаться определенной тематики.</p><br><p>При покупке товаров для аквариума обратите внимание и на комплекты для ухода. В такие наборы входят пинцеты, ножнички, лопаточки, все, что понадобится при каждодневном уходе за ""рыбьем домиком"".</p><br><p>Выбрать и установить резервуар ещё не достаточно, чтобы создать уютную атмосферу в доме, стоит позаботиться о приобретении аксессуаров для аквариума и правильно подобрать оборудование к нему, чтобы его обитателям было комфортно и приятно в нем находиться. В гипермаркете аквариумов и <a href=""https://zoocomplex.com.ua/tovary-dlya-terrariumistiki"" target=""_blank"">террариумов</a> вы найдете все, начиная с резервуаров для рыбок и закачивая товарами для ухода за ним.</p><br>","Все для аквариума по низкой цене — Товары для рыб купить в Киеве, Днепре, Харькове","Товары для рыб","Купить все для аквариума в зоомагазине — ZOOcomplex. Товары для рыб по низким ценам. Звоните ☎ (067) 634-51-39, (050) 421-54-94. Доставка в Киев, Днепр, Одессу, Харьков, Львов",tovary-dlya-ryb,https://zoocomplex.com.ua/image/catalog/tovary-dlya-ryb.jpg
1186,1185,"Осветительное оборудование для аквариума","<h2>Погружные светильники для аквариума</h2><p>Погружные светильники для аквариума прекрасно подходят для создания оптимального освещения морских и пресноводных аквариумов. Приглушенный синий свет этих светильников хорошо подходит для ночной подсветки. Небольшие размеры и невысокая мощность делают такие лампы для аквариума удобными для маленьких емкостей.</p><p>Погружные светильники для аквариума можно установить в любом месте внутри емкости. Погружные лампы и светильники выполнены из непортящихся материалов, что делает их использование удобным и избавляет от необходимости в тщательном уходе. Применение погружных ламп добавит Вашему аквариуму красоты.</p><h2>Подвесные светильники для аквариума</h2><p>Подвесные светильники <a href=""https://zoocomplex.com.ua/tovary-dlya-ryb/filtruyushie-napolniteli"" target=""_blank"" rel=""noopener"">для аквариума</a> подходят для больших емкостей. Они оснащены несколькими металлогалогенными лампами, обеспечивающими ровный «дневной» свет, благоприятный для аквариумных рыбок и растений. Также для этих светильников характерен долгий срок службы, что позволит вам не беспокоится о смене освещения.</p><p>Подвесные светильники для аквариума, как правило, имеют возможность регулировки количества работающих ламп, систему вентиляции и удобства для подвески светильника над аквариумом. Лампы, используемые в светильниках, имеют оптимальный световой поток и хорошую светоотдачу, что очень важно как для морских. Так и для пресноводных аквариумов.</p><h2>Стационарные светильники для аквариума</h2><p>Стационарные светильники для аквариума предназначены для установки вне воды и постоянного освещения аквариума. Как правило, стационарные светильники имеют тонкий корпус, подходящий для размещения нескольких аквариумных ламп, компактный удобный и удобный в обращении.</p><p>Стационарные светильники очень долговечны и надежны в использовании. Для них характерно удобство крепления, что позволяет применять светильник даже в самых нестандартных аквариумах. Металогалогенные лампы излучают ровный и достаточно теплый для растений и рыбок свет. Использование стационарных светильников возможно в любых помещениях.</p><p><b>Уважаемый покупатели, обращаем ваше внимание на то, что компания не несет ответственности за ущерб, который может быть причинен имуществу, в результате выхода из строя приобретенного товара. <a href=""https://zoocomplex.com.ua/garantiinye-obiazatelstva-na-akvariumnoe-oborudovanie/"" target=""_blank"" rel=""noopener"" style="""">Подробнее о гарантийных обязательствах на аквариумное оборудование.</a></b></p>","Освещение для аквариума купить в Киеве, Днепре, Одессе, Харькове","Осветительное оборудование для аквариума","Купить освещение для аквариума в зоомагазине ZOOcomplex. Звоните ☎ (067) 634-51-39, (050) 421-54-94. Доставка в Киев, Днепр, Одессу, Харьков",osvetitelnoe-oborudovanie,https://zoocomplex.com.ua/image/catalog/category-1186.jpeg
1187,1185,"Подставки и тумбы для аквариума","<br><h2>Овальные подставки для аквариума</h2><br><p> Овальные подставки под аквариум будут уместны в случае, если он имеет необычную форму. Такие подставки будут не только практичными удобствами, но и красивой деталью интерьера. Подставки для аквариума производят разных размеров и цветов, поэтому Вы всегда сможете подобрать то, что подойдет именно к Вашей мебели.</p><br><p> Часто подставки под аквариум и тумбы оснащены оригинальными конструкторскими решениями, позволяющими содержать аквариумное оборудование. Отверстия для шланг позволяют хранить в тумбе фильтр для аквариума. Также, подставки имеют шкафчики с дверцами. Где Вы можете хранить необходимые мелочи для ухода за аквариумом.</p><br><h2>Прямоугольные подставки для аквариума</h2><br><p> Если Вы купили или собираетесь приобрести аквариум, не забудьте подумать его расположении в комнате и гармонировании с интерьером. Вам нужно купить подставку для аквариума, или тумбу. Подставки для аквариума стоит обязательно использовать, если Ваш аквариум большой. Если же его объем невелик, то в подставке необходимости нет и разместить аквариум можно на уже имеющейся мебели.</p><br><p> При покупке подставки для аквариума стоит также учитывать то, сколько он весит, будучи наполненным водой. В этом разделе Вы найдете подходящую Вам подставку <a href=""https://zoocomplex.com.ua/tovary-dlya-ryb/sol"" target=""_blank"">для аквариума</a>. Форма подставки в большинстве случаев отлично подходит под аквариум и делает его замечательным дополнением к интерьеру.</p><br>","Тумбы под аквариум купить с доставкой в Киеве, Днепре, Одессе, Харькове","Подставки и тумбы для аквариума","Купить тумбы под аквариум в зоомагазине ZOOcomplex. Подставки для аквариумов. Звоните ☎ (067) 634-51-39, (050) 421-54-94. Доставка в Киев, Днепр, Одессу, Харьков, Львов.",podstavki-i-tumby,https://zoocomplex.com.ua/image/catalog/category-1187.jpg
1188,1185,"Лампы для аквариума","<p>Лампы для аквариума – это неотъемлемый аксессуар любого искусственного водоема с необходимой подачей света и теплом для сбалансированной среды обитания его жителей и водорослей. Какие именно надо использовать лампы, чтобы приблизить к естественной среде, и какой должен быть свет – одни из основных вопросов перед выбором аквариума.</p><p>Правильно подобранные люминесцентные и светодиодные лампы делают необходимую <a href=""https://zoocomplex.com.ua/tovary-dlya-ryb/osvetitelnoe-oborudovanie"" target=""_blank"" rel=""noopener"">светопередачу</a>, что увеличивает КПД как для лампы, так и для аквариума в целом. Купить люминесцентную лампу для аквариума – это обеспечить долгий срок и надежность.</p><p>Разновидности люминесцентных ламп:</p><ul><li>Мощностью 8-24Вт. Лампы с низкой мощностью больше подходят для менее глубоких аквариумов, они обеспечивают необходимым светом жителей водного мира, не перегружая светом и теплом.</li><li>Мощностью 25-35Вт. Применяют для аквариумов, длина которых не превышает 1м. Имея удлиненную форму, из-за чего света хватает на каждый куб. сантиметр воды, не пересушивая водоросли и воду.</li><li>Мощностью 39-58Вт. Это максимально подходящий вариант для больших искусственных водоемов. Лампы такой мощности выделяют «дневной свет», который не раздражает рыбок и дает все необходимое тепло.</li></ul><p>Для неприхотливых водных обитателей и растений вашего аквариума прекрасно подойдут лампы с разъемом Т8. Купить лампу для аквариума Т8 можно в интернет-магазине «Зоокомплекс» по самым минимальным ценам и с удобной доставкой.</p><h2>Светодиодные лампы</h2><p>Светодиодные лампы для аквариума Т8 являются прекрасной альтернативой для люминесцентных. Их можно вставить в те же крепления, но при этом использовать как полноценный светильник. Также светодиодные лампы Т8 экономичнее на 70% в сравнении с другими лампами той же длины.</p><h2>Где можно купить лампы для вашего аквариума?</h2><p>Широкий выбор ламп для аквариума на любой вкус, с необходимой мощностью и размерами вы без проблем можете найти на сайте интернет-магазина «Зоокомплекс». Здесь вы не только наглядно рассмотрите, как выглядит та или иная лампа, но и можете проконсультироваться с онлайн-поддержкой, которая поможет выбрать необходимый товар в соответствии с аквариумом и его обитателями, и ответит на все существующие вопросы.</p><p>Купить лампы для аквариума в интернете можно без всяких сложностей с интернет-магазином «Зоокомплекс». На сайте удобно расположены виды и подвиды товаров. Наши эксперты помогу выбрать только необходимый товар, а в случае, если что-то не подойдет, товар можно обменять в течении 3ех месяцев или года, в зависимости от производителя.</p><h2>Как происходит заказ и доставка товара интернет-магазина «Зоокомплекс»?</h2><p>Выбрать товар и заказать вы можете на сайте, добавив в корзину или связавшись со службой поддержки, которая не просто примет заказ, но и поможет правильно подобрать его индивидуально для вашего искусственного водоема.</p><p>Расчет производится по безналичному счету через любой удобный для вас банк, наложенным платежом (отправляя Новой Почтой), или наличными при получении товара на руки. Купить лампу для аквариума Т8 можно в интернет-магазине «Зоокомплекс» по самым минимальным ценам и с удобной доставкой.</p><p>Забрать заказ в магазинах, адреса которых указаны на сайте «Зоокомплекс» или же воспользоваться услугами удобной лично для вас транспортной компании.</p><p>В интернет-магазине «Зоокомплекс» огромный выбор не только ламп для аквариумов любых типов, но и других товаров для ваших любимцев. Доставка производится по всей Украине, тысячи довольных клиентов, среди которых большая часть уже стала постоянными. Цены и наличие ассортимента всегда точные, что позволяет вам владеть полным спектром услуг и информацией интернет-магазина «Зоокомплекс».</p><p><b>Уважаемый покупатели, обращаем ваше внимание на то, что компания не несет ответственности за ущерб, который может быть причинен имуществу, в результате выхода из строя приобретенного товара.&nbsp;<a href=""https://zoocomplex.com.ua/garantiinye-obiazatelstva-na-akvariumnoe-oborudovanie/"" target=""_blank"" rel=""noopener"" style="""">Подробнее о гарантийных обязательствах на аквариумное оборудование.</a></b></p>","Лампы для аквариума купить в Киеве, Днепре, Одессе, Харькове","Лампы для аквариума","Купить лампы (свет) для аквариума в зоомагазине ZOOcomplex. Широкий выбор люминесцентных ламп. Звоните ☎ (067) 634-51-39, (050) 421-54-94. Доставка в Киев, Днепр, Одессу, Харьков, Львов",lampy-dlya-akvariuma,https://zoocomplex.com.ua/image/catalog/category-1188.jpg
1189,1185,"Кормушки для рыб","<h2>Автоматические кормушки для рыб</h2><p>Автоматические кормушки для рыб – это необходимая покупка для аквариумистов, не имеющих достаточно времени на уход за <a href=""https://zoocomplex.com.ua/tovary-dlya-ryb/lampy-dlya-akvariuma"" target=""_blank"" rel=""noopener"">аквариумом</a>. Автоматические кормушки позволяют выдавать порции корма через определенный период времени и в определенном раз мере, что очень удобно.</p><p>Автоматические кормушки для рыб можно программировать и устанавливать разный размер порции корма. Если Вы используете сухой корм для рыб, то подобное устройство намного облегчит для Вас кормление. Применение автоматической кормушки предотвращает отсыревание и разбрасывание корма для рыб. Но с ними, как и с любой электроникой нужно бережно обращаться.</p><h2>Плавающие кормушки для рыб</h2><p>Плавающие кормушки для рыб – очень простые в применении конструкции. Они представляют собой прямоугольный ограничитель, который нужен для того чтоб рыбки кормились в одном месте и не позволяет корму засорять аквариум. Многие кормушки для рыб оснащены вынимающейся сеткой для кормления гранулами или мелкими хлопьями.</p><p>Плавающая кормушка дешева и не требует специального ухода, но при ее применении нужно самому заботиться о количестве и времени подачи корма для рыб. Если Вы хозяин нескольких рыбок, то эта покупка именно для Вас. В качестве фиксатора кормушки для рыб можно использовать термометр, либо специальные присоски.</p><p><b>Уважаемый покупатели, обращаем ваше внимание на то, что компания не несет ответственности за ущерб, который может быть причинен имуществу, в результате выхода из строя приобретенного товара.&nbsp;<a href=""https://zoocomplex.com.ua/garantiinye-obiazatelstva-na-akvariumnoe-oborudovanie/"" target=""_blank"" rel=""noopener"" style="""">Подробнее о гарантийных обязательствах на аквариумное оборудование.</a></b></p>","Кормушки для рыб (автоматические, плавающие) купить в Киеве, Харькове, Днепре","Кормушки для рыб","Купить кормушки для рыб в зоомагазине ZOOcomplex. Широкий выбор автоматических и плавающих. Звоните ☎ (067) 634-51-39, (050) 421-54-94. Доставка в Киев, Днепр, Одессу, Харьков, Львов.",kormushki-dlya-ryb,https://zoocomplex.com.ua/image/catalog/category-1189.jpeg
1190,1185,"Корм для рыб","<br><h2>Гранулы для рыб</h2><br><p>Премиум - корм для рыб в виде гранул – отличная основа рациона для жителей аквариума. Плавающие гранулы корма изготовлены из высококачественных натуральных продуктов, таких, как рачки, креветка, москиты и пресноводный планктон. Состав гранулированного корма для рыб разработан под. большинство их разновидностей. Существуют специальные виды корма для рыб, повышающие иммунитет, а также улучшающие окрас и чешую обитателей воды.</p><br><p>Гранулы обычно подвергаются высокотемпературной обработке, что сохраняет вкусовые и питательные качества. Такое питание прекрасно подходит для цихлид, дискусов и прочих популярных видов рыб.</p><br><h2>Палочки для рыб</h2><br><p>Корм для рыб в виде палочек предназначен для кормления крупных хищных разновидностей рыбок. Палочки содержат каротиноиды, улучшающие окраску рыб, и креветки, значительно повышающие пищевую ценность корма для рыбок. А высокое содержание витаминов подымет иммунитет водных жителей. Также, во многих кормах для рыб содержится спирулина, богатая белком.</p><br><p>Палочки служат прекрасной основой рациона крупных рыбок, но не стоит забывать о желательных добавках и лакомствах в виде живого корма. Качественный корм для рыб не содержит токсичных веществ, портящих воду или здоровье ее обитателей.</p><br><h2>Таблетки для рыб</h2><br><p>Корм в виде таблеток предназначен в первую очередь для растительноядных рыб, а также обитателей дна и темных уголков, - рыбое, предпочитающих нижний слой воды.</p><br><p>Корм для рыб в виде таблеток очень удобен в применении, - таблетка прилепляется к стеклу аквариума, абсолютно не загрязняя воду. Таблетированный корм для рыб содержит много растительных волокон для улучшения пищеварения и выделительной системы животных. Спирулина, входящая в состав корма дает обитателям воды белок и поддерживает физическую форму.</p><br><p>Использование таблеток не требует <a href=""https://zoocomplex.com.ua/tovary-dlya-ryb/kormushki-dlya-ryb"" target=""_blank"">кормушки для рыб</a>, то есть дополнительных затрат и усилий аквариумиста.</p><br><h2>Хлопья для рыб</h2><br><p>Сухой корм для рыб в виде хлопьев – это самый распространенный вариант корма для рыб. Хлопья изготавливают с учетом потребностей аквариумных рыбок в питательных веществах и витаминах.</p><br><p>Сухой корм для рыб JBL содержит много белка, необходимого для роста рыбок и полезные вещества для полноценной жизнедеятельности и поддержки здоровья. Хлопьями обычно кормятся рыб среднего размера во время, когда корм начинает оседать в воде.</p><br><p>При кормлении важно использовать не один вид корма для рыбок и не злоупотреблять сухими продуктами. Добавки в виде живого корма значительно улучшат аппетит и здоровье рыбок.</p><br><h2>Чипсы для рыб</h2><br><p>Чипсы – еще один интересный вариант сухого корма для рыб. Этим кормом питаются обычно разновидности рыбок среднего размера, особенно сомики. Чипсы для рыб обитатели аквариума поедают во время их опускания на дно. Сухой корм для рыб, как правило, сбалансирован и не содержит вредных соединений. Оптимальное соотношение белков, жиров и минералов даст Вашим рыбкам жизненных сил и здоровья.</p><br><p>Регулярное использование чипсов снижает количество нитратов в воде, тем самым улучшая ее качество. Применение такого корма для рыб очень эффективно и гигиенично, - чипсы не оставляют мусора или следов в аквариуме.</p><br>","Корм для рыб купить в Киеве, Харькове, Днепре","Корм для рыб","Купить корм для рыб в зоомагазине ZOOcomplex. Широкий выбор, Низкие цены. Звоните ☎ (067) 634-51-39, (050) 421-54-94. Доставка в Киев, Днепр, Одессу, Харьков, Львов.",korma-i-podkormki,https://zoocomplex.com.ua/image/catalog/category-1190.jpeg
1191,1185,"Компрессоры для аквариумов","<h2>Компрессоры внешние</h2><p>Внешние компрессоры для аквариума очень компактны и хороши тем, что не загромождают интерьер аквариума. Такие устройства очень просто крепятся и удобны в обращении. Небольшим минусом является шум при работе внешних компрессоров, но они более декоративны, чем погружные варианты компрессоров.</p><p>Внешний компрессор для аквариума может быть одноканальным (дает один поток воздуха), либо двухканальным. При выборе стоит обращать внимание на производимый шум и мощность устройства, ее должно хватать для прокачки десяти объемов емкости в час. Внешний компрессор может использоваться для всех типов аквариумов.</p><h2>Компрессоры погружные</h2><p>Погружной компрессор отлично насыщает <a href=""https://zoocomplex.com.ua/tovary-dlya-ryb/korma-i-podkormki"" target=""_blank"" rel=""noopener"">аквариум</a> кислородом, этом изготовлен из качественных деталей, что обеспечивает довольно долгую работу компрессора. Многие погружные компрессоры оснащены подсветкой пузырьков разным цветом.</p><p>Погружные компрессоры удобны в обслуживании и работе. Такие устройства работают практически бесшумно, что позволит устанавливать их в любой аквариум. В конструкции компрессоров используются мелкопористые губки, препятствующие засорению камер мелкими частицами. Обычно в погружных аэраторах имеется регулировка воздушного потока и они подходят как для морских, так и для пресноводных аквариумов.</p><p><b>Уважаемый покупатели, обращаем ваше внимание на то, что компания не несет ответственности за ущерб, который может быть причинен имуществу, в результате выхода из строя приобретенного товара. <a href=""https://zoocomplex.com.ua/garantiinye-obiazatelstva-na-akvariumnoe-oborudovanie/"" target=""_blank"" rel=""noopener"" style="""">Подробнее о гарантийных обязательствах на аквариумное оборудование.</a></b></p>","Компрессор для аквариумов купить по доступной цене в Киеве, Харькове, Днепре","Компрессоры для аквариумов","Купить компрессор для аквариума в зоомагазине ZOOcomplex. Выбираем самое тихое, бесшумное оборудование. Звоните ☎ (067) 634-51-39, (050) 421-54-94. Доставка в Киев, Днепр, Одессу, Харьков, Львов.",kompressory,https://zoocomplex.com.ua/image/catalog/category-1191.jpeg
1193,1185,"Препараты для контроля воды, лечения, удобрения","<br> <p> Аквариумные рыбки, как и мы, могут заболеть. Для лечения их изготавливают специальные лекарства для прудовых рыбок. Особенно среди рыбок распространены грибковые и бактериальные инфекции. Лекарства для избавления от них и других болезней представлены в этом разделе. </p> <br> <p> Многие начинающие аквариумисты, не желая тратить деньги на аквариумных лекарств jbl, применяют для лечения рыбок препараты, которыми лечатся сами. Этого делать не стоит, так как организм рыбок требует многих веществ в совсем иных пропорциях. Правильно подобрать лекарства для аквариумных рыбок вам поможет консультация у специалиста. </p> <br> <h2>Препараты для борьбы с водорослями</h2> <br> <p> Кроме полезных водорослей существуют и растения-вредители, наличие которых в аквариуме совсем не желательно. Препараты для борьбы с водорослями помогают избавится от них и оздоравливают подводную флору. Часто, аквариумисты прибегают к обеззараживанию растений в хлорке, но специализированные препараты эффективней. </p> <br> <p> Среди растений-вредителей широко распространены диатомовые водоросли, сине-зеленые водоросли и так называемая «черная борода». Борьба с этими паразитами проводится с помощью специальных препаратов, а иногда и рыбок. Если вы заметили, что вода в аквариуме имеет зеленый оттенок, это значит, - пора прибегнуть к препаратам для борьбы с водорослями. </p> <br> <h2>Препараты для воды</h2> <br> <p> Вода составляет основу среды обитания рыбок в аквариуме и ее состояние напрямую отражается на обитателях аквариума. Вода должна быть чистой и продезинфицированной. </p> <br> <p> Первоначальная подготовка и чистка воды производится с помощью специальных препаратов для аквариума. Их использование обязательно перед поселением рыбок и замене воды в аквариуме. Препараты для воды улучшают работу аквариумных фильтров и производятся отдельно для пресноводных и морских аквариумов, так как для очистки соленой воды нужны особые вещества. </p> <br> <p> Также препараты для воды помогают обезопасить ее обитателей от различных инфекций и способствуют быстрому привыканию рыбок к новой среде обитания. </p> <br> <h2>Удобрения для растений</h2> <br> <p> Удобрения для растений – одна из самых важны вещей для обеспечения здоровья аквариумной флоры. Для того, чтобы <a href=""https://zoocomplex.com.ua/tovary-dlya-ryb/podstavki-i-tumby"" target=""_blank"">аквариум выглядел красиво</a>, за водорослями нужен постоянный уход, который включает использование удобрений. </p> <br> <p> Удобрения для растений, прежде всего, нужно смешивать с грунтом. Для здоровья растений важны такие элементы, как железо, калий и фосфаты, наличие которых предусмотрено в удобрениях. Аквариум, который сильно освещается, требует больше удобрения для растений нежели тот, где света мало и фотосинтез проходит медленнее. Опытные аквариумисты советуют комбинировать жидкие и таблетированные удобрения для растений. </p> <br>","Препараты для контроля воды, лечения, удобрения купить","Препараты для контроля воды, лечения, удобрения","Купить препараты для контроля воды в зоомагазине ZOOcomplex. Широкий выбор препаратов для контроля, лечения, удобрения. Доставка",preparaty-dlya-kontrolya-vody-lecheniya-udobreniya,https://zoocomplex.com.ua/image/catalog/category-1193.jpeg
1195,1185,"Наполнители для фильтров аквариума","<br> <h2>Биологические наполнители</h2> <br> <p> Наполнители для биологической фильтрации используются в большинстве внешних аквариумных <a href=""https://zoocomplex.com.ua/tovary-dlya-ryb/filtry-dlya-akvariuma"" target=""_blank"">фильтров</a> и в некоторых моделях внутренних биологических очистителей. Наполнители для биологической очистки, как правило, представляют из себя пористые материалы, принцип работы которых состоит в том, что на свободной площади поселяются бактерии, производящие биологическое разложение органических остатков. За счет множества пор, бионаполнитель может забрать гораздо больше остатков, чем обычные губки. </p> <br> <p> Среди этих товаров также очень популярны и эффективны биологические кольца. Стоимость биологических наполнителей обычно выше, чем у механических, но и качество их заметно выше. </p> <br> <h2>Механические наполнители</h2> <br> <p> Наполнители и губки нужны для механической фильтрации и предназначены для сбора крупных частиц из воды в аквариуме, например, остатков корма, частей водорослей, экскрементов рыб и прочего достаточно крупного мусора. В роли механических наполнителей чаще всего выступают губки, или прокладки из синтепона. </p> <br> <p> Для аквариумных фильтров и помп здесь представлены очищающие губки разных размеров и форматов, для внутренних аквариумных фильтров - сменные вкладыши, для внешних фильтров – специальная вата, керамика и вкладыши. Замена этих наполнителей достаточно проста и не требует серьезного опыта в аквариумистике. </p> <br> <h2>Химические наполнители</h2> <br> <p> Химические наполнители способны задерживать ядовитые и потенциально ядовитые вещества, которые содержатся в воде, и связывать их. Полное удаление таких веществ происходит лишь со сменой самого наполнителя. </p> <br> <p> В основе действия химических наполнителей лежит адсорбция – процесс, при котором растворенные вредные вещества поглощаются слоем жидкости либо твердого тела. Самый популярный химический наполнитель сегодня – это активированный уголь. Он обладает высокой эффективностью за счет своей пористости, т.е. большой площади поверхности. </p> <br> <p> Помимо ядовитых соединений, химические наполнители поглощают также кислоты, красители и медикаменты. </p>","Фильтрующие наполнители для аквариума купить в Киеве, Днепре, Харькове","Наполнители для фильтров аквариума","Купить наполнители для фильтров аквариума в зоомагазине ZOOcomplex. Звоните ☎ (067) 634-51-39, (050) 421-54-94. Доставка в Киев, Днепр, Харьков, Одесса.",filtruyushie-napolniteli,https://zoocomplex.com.ua/image/catalog/category-1195.jpeg
1196,1185,"Фильтры для аквариума","<h2>Внешний фильтр</h2><p>Внешние фильтры для аквариума представляют собой канистру, наполненную очищающим элементом, которая крепится снаружи аквариума. Такой фильтр обеспечит качественную механическую и химическую фильтрацию, что необходимо для поддержания чистоты аквариума и здоровья его обитателей. При использовании внешнего фильтра нет необходимости часто менять наполнитель, - одной порции фильтрующих веществ хватит на долгое время. Что примечательно, во внешнем фильтре можно использовать несколько видов наполнителей и, благодаря этому, достигать более тщательной очистки воды.</p><p>Внешний фильтр подходит для применения в емкостях различного объема и является важнейшим аквариумным оборудованием.</p><h2>Внутренний фильтр - донный</h2><p>Внутренние фильтры для аквариума обеспечивают высокий уровень биологической фильтрации и очень хороши, как инструмент поддержания чистоты в аквариуме. Донный внутренний фильтр для аквариума устанавливается на дно и очищает весь объем воды. Донный фильтр следует устанавливать в месте, где он не будет мешать рыбкам свободно передвигаться и ловить корм.</p><p>Представленные здесь донные фильтры для аквариума широко используются в емкостях небольшого объема. При покупке такого оборудования, как внутренний фильтр для аквариума, учитывайте то, как он впишется в интерьер емкости и сколько пространства займет.</p><h2>Внутренний фильтр - навесной</h2><p>Навесной внутренний фильтр для аквариума имеет довольно простой и при этом эффективный принцип действия. Внутренний фильтр представляет собой насос для перекачивания воды, оснащенный губками. Губки служат местом жительства бактерий, очищающих воду и разлагающих ненужные соединения. Навесной фильтр крепится к стенке аквариума, там самым, не мешая рыбкам передвигаться у дна и не засоряясь грунтом.</p><p>Здесь вы видите навесные фильтры <a href=""https://zoocomplex.com.ua/tovary-dlya-ryb/ohladiteli"" target=""_blank"" rel=""noopener"">для аквариума</a> от передовых производителей. Фильтр для аквариума – это очень важное и необходимое оборудование. Внутренние фильтры главным образом предназначены для применения в небольших емкостях.</p><h2>Внутренние фильтры</h2><p>Внутренний фильтр для аквариума – это оборудование, предназначенное для очистки воды. Обычно, внутренние фильтры для аквариума наполняются губкой, обеспечивающей качественную биологическую фильтрацию воды. Использовать такой фильтр лучше, если для него есть место внутри емкости и фильтр не будет мешать рыбкам. Стоит упомянуть, что такие фильтры лучше себя покажут в небольших аквариумах (до 200 литров).</p><p>Фильтр для аквариума очищает воду от вредных примесей, остатков корма для рыб и разного рода мусора. Благодаря способности разлагать вредные соединения, внутренний фильтр – вещь очень экономная и эффективная для поддержания чистоты и микроклимата в аквариуме.</p><p><b>Уважаемый покупатели, обращаем ваше внимание на то, что компания не несет ответственности за ущерб, который может быть причинен имуществу, в результате выхода из строя приобретенного товара.&nbsp;<a href=""https://zoocomplex.com.ua/garantiinye-obiazatelstva-na-akvariumnoe-oborudovanie/"" target=""_blank"" rel=""noopener"" style="""">Подробнее о гарантийных обязательствах на аквариумное оборудование.</a></b></p>","Фильтр для аквариума (внутренний, наружный) купить в Киеве, Днепре, Харькове","Фильтры для аквариума","Купить фильтры для аквариума в зоомагазине ZOOcomplex по низкой цене. Внутреннее, наружное оборудование. Звоните ☎ (067) 634-51-39, (050) 421-54-94. Доставка в Киев, Днепр, Одессу, Харьков, Львов, Запорожье",filtry-dlya-akvariuma,https://zoocomplex.com.ua/image/catalog/category-1196.jpeg
1198,1185,"Запасные части к аквариумному оборудованию","<br><h2>Запасные части к помпам</h2><br><p>Для эффективной работы аквариума необходима перекачка воды с помощью помпы. Со временем насосы для аквариума изнашиваются, и необходимостью становится замена деталей помпы и мелкий ремонт. Запасные роторы и прочие части изготовлены из керамики, что обеспечит долгую и бесперебойную работу устройства.</p><br><p>Перед заменой частей помпы для аквариума следует прочесть инструкцию и соблюдать правила осторожности. Не ремонтируйте оборудование для аквариума прямо внутри него, это может привести к более серьезным сбоям или загрязнению воды. Если возникли вопросы при замене частей, обратитесь к специалистам.</p><br><h2>Запасные части к фильтрам</h2><br><p>Как и любое другое оборудование, аквариумные фильтры не идеальны в работе и иногда случаются поломки. Запасные части для фильтров легко менять и с простым ремонтом справится даже начинающий аквариумист.</p><br><p>Всегда оставаться надежным вашему фильтру помогут запасные шланги, кольца, стержни и корпуса. Ведущие производители аквариумных фильтров и оборудования отдельно предоставляют все необходимые детали и запасные элементы. А при использовании <a href=""https://zoocomplex.com.ua/tovary-dlya-ryb/kompressory"" target=""_blank"">компрессора</a>, лучше всегда иметь в запасе ротор. При серьезных поломках, лучше обратитесь к специалисту вместе с фильтром и запасными частями.</p><br>","Оборудование для аквариума купить в Киеве, Харькове, Днепре","Запасные части к аквариумному оборудованию","Купить запасные части к оборудованию для аквариума в зоомагазине ZOOcomplex. Звоните ☎ (067) 634-51-39, (050) 421-54-94.",zapasnye-chasti-k-akvaruimnomu-oborudovaniyu,https://zoocomplex.com.ua/image/catalog/category-1198.jpeg
1200,1185,"Грунт для аквариума","<br> <p> Аквариумный грунт – важный компонент при уходе за аквариумом любого размера и содержания. Грунт – это то, с чего начинается каждый аквариум. Если вы хотите, чтоб водоросли в вашем аквариуме жили и развивались, то лучше купить грунт для аквариума, чем высаживать растения в отдельные горшочки. </p> <br> <h2>Грунт 1-3 мм</h2> <br> <p> Грунт мелких фракций, как правило, довольно плодороден и подходит для большинства видов водорослей. Грунт нужно укладывать несколькими слоями разных фракций и поверхность наклонять к переднему стеклу аквариума. Аквариумный грунт нельзя использовать в карантинных или отсадочных аквариумах, так как это нарушит гигиену. </p> <br> <h2>Грунт 3-6 мм</h2> <br> <p> Аквариумный грунт средних фракций важен для многих растений в аквариуме. Он обеспечивает циркуляцию воды между слоями, что необходим для правильного роста аквариумных водорослей. Правильно уложить грунт в емкости очень важно. </p> <br> <p> Больше всего внимания грунту уделяют в аквариумах без рыбок, предназначенных для выращивания водорослей. В начале функционирования аквариума нужно использовать удобрение для растений. </p> <br> <p> Хорошо, если грунт аквариума состоит из керамзитовых шариков. Они способствуют появлению анаэробной флоры, которая очищает воду от многих вредных веществ. </p> <br> <h2>Грунт 8-16 мм</h2> <br> <p> Крупные фракции аквариумного грунта обычно укладываются в средний слой и обеспечивают хорошую циркуляцию воды в донной части аквариума. В качестве этого слоя грунта обычно используют гравий, либо мелкую гальку. Он также необходим для укоренения растений. Если Вы используете качественный аквариумный грунт, менять его можно раз в 3 года. </p> <br> <p> Грунт – это основа жизнедеятельности и продуктивности растений. Правильно уложенный грунт способствует быстрому росту водорослей, а также дополняет созданный аквариумистом морской пейзаж (<a href=""https://zoocomplex.com.ua/tovary-dlya-ryb/Dekoracii"" target=""_blank"">декор</a>). Наличие грунта важно для некоторых видов рыбок, которые обитают у дна и любят покопаться в песке. </p> <br>","Грунт для аквариума купить в Киеве, Днепре, Харькове","Грунт для аквариума","Купить грунт для аквариума в интернет-магазине ZOOcomplex. Широкий выбор, низкие цены. Звоните ☎ (067) 634-51-39, (050) 421-54-94. Доставка в Киев, Днепр, Одессу, Харьков, Львов",grunt-dlya-akvariuma,https://zoocomplex.com.ua/image/catalog/category-1200.jpeg
1201,1185,Аквариумы,"<div style=""text-align: justify;""><p>Аквариум – это искусственный стеклянный водоем для любых разновидностей пресноводного или морского мира. Чаще всего аквариум служит для разведения рыбок, инкубационного периода икры, лечения рыб, возможности проведения опытов, и другое в зависимости от его применения: декоративный или специальный. </p><h2>Ассортимент аквариумов в интернет-магазине</h2><p>Чтобы купить аквариум для рыбок в интернет-магазине, необходимо знать за ранее о том, что вы будете в нем растить и в каких целях он будет использоваться. От этого зависит и литраж аквариума:</p><div id=""blabla""><p></p><ul><li>Аквариумы небольшого объема (2-20л). Такие аквариумы послужат прекрасным украшением для любого помещения. Нано-аквариумы не доставят много хлопот хозяину, а в его комплект обычно входят необходимое оборудование: фильтры, лампа, пульт управления аквариумом.<br></li><li>На 25-50л. Подобные аквариумы отлично впишутся в интерьер офиса. За ними просто ухаживать, а в комплект идут низковольтная лампа и фильтр. Возможность украсить аквариум водорослями, декоративными камнями и большим выбором разновидностей рыбок может послужить также успокаивающим средством.<br></li><li>На 60-150л. Аквариумы таких объемов дают прекрасную возможность заселить его практически всеми видами рыбок, украсив его водорослями, декоративными элементами (камушки, грунт). При покупке такого аквариума стоит позаботиться также о его неотъемлемых составляющих: при необходимости обогревателем, фильтрами и необходимыми лампами.  <br></li><li>На 200л и более. Такой огромный аквариум позволит создать у вас в помещении настоящий уголок водного мира. Одним из завораживающих видов является аквакартина. Тот же литраж, но простирается аквариум вдоль всей стены. Это способно оживить комнату по максимуму. Конечно и уход за аквариумом такого типа очень длительный и сложный процесс, но то удовольствие, которое он приносит, того стоит.   <br></li></ul><p></p><p>Пресноводный аквариум купить или для обитателей морского мира – это решать вам, но никогда не стоит забывать о комплектующих аквариума любых форм и объемов. </p><h4>По конструкции аквариумы могут быть:</h4><p></p><ul><li>Каркасные. Такой тип изготавливается на основе металлического каркаса (при этом стоит использовать дополнительные замазки, чтобы не было утечек, и не рекомендуется долго оставлять без воды, потому как замазки высыхают и теряется их прочность) и на основе анодированной планки или полностью пластмассы (сейчас такие конструкции очень прочны и легки в применении), каркасные аквариумы не имеют ограничения по литражу.<br></li><li>Бескаркасные. Здесь в помощь при изготовлении приходит органическое или силикатное стекло, которое нейтрально воздействует на воду, но минус таких аквариумов в том, что из-за мягкости материала стенки можно легче поцарапать при чистке. В таком случае используют оргстекло или другой более мягкий материал. Размеры ограничены по литражу.<br></li><li>Бесшовные. В основном это шарообразные аквариумы и также ограничены в размерах. Широкое их применение используется для золотых рыбок.<br></li></ul><p></p><p>Аквариум комплект Resun выпущены в Китае, их главная особенность в отсутствии передних швов, что делает стеклянный водоем округлым и добавляет визуальной изюминки. Они достаточно прочны и оборудованы системой замкнутого цикла фильтрации, освещением с патроном Т8 и светодиодными лампами. Пластиковые поддон и крышка одного цвета позволяют подобрать аквариум максимально под интерьер. При всех этих положительных качествах аквариума стоит обратить свое внимание на цену, которая удовлетворит любой бюджет будущего хозяина аквариума. </p><h2>Аквариумы в интернет-магазине «Зоокомплекс»</h2><p>В интернет-магазине «Зоокомплекс» вы можете найти и купить аквариумный комплект по всем характеристикам и пожеланиям. Все зависит от:</p><p></p><ul><li>вида рыбок;<br></li><li>количества рыбок;<br></li><li>интерьера дома или офиса;<br></li><li>желаемых аксессуаров для жителей стеклянного водоема.<br></li></ul><p></p><p>В нашем магазине вас ждут искусственные водоемы разного литража и способа применения, разных конструкций и на любой бюджет. Вам помогут выбрать необходимое оборудование для аквариума, растения, грунт и прочее, что позволит вашим рыбкам чувствовать себя максимально комфортно. </p><h2>Цена и доставка</h2><p>Заказать необходимый товар (принадлежности к нему, <a href=""https://zoocomplex.com.ua/tovary-dlya-ryb/akvariumnye-aksessuary"" target=""_blank"">аксессуары</a>, оборудование и прочее) вы можете непосредственно на сайте, добавив все в корзину или по телефону, который указан на сайте. Получить долгожданный заказ можно по адресам на сайте, а также с помощью любой удобной транспортной компании. Оплата осуществляется благодаря безналичному расчету через удобный вам банк или же наличными при получении товара.</p><p>Цены, указанные на сайте, всегда достоверны, так же как наличие товаров, регулярно подтверждаются. </p><p>В интернет-магазине «Зоокомплекс» широкий выбор не только аквариумов, но и всех необходимых аксессуаров к нему. Стоимость всех видов товаров рассчитана на любой бюджет владельца искусственного водоема. Осуществляйте заказ прямо сейчас и пусть ваш домашний водный мир доставляет максимум удовольствия!  </p></div></div>","Аквариум купить по доступной цене в Киеве, Днепре, Харькове",Аквариумы,"Купить аквариум для рыбок в зоомагазине ZOOcomplex по доступной цене. ✔️ (Большие, маленькие, круглые). Звоните ☎ (067) 634-51-39, (050) 421-54-94. Доставка в Киев, Днепр, Одессу, Харьков, Львов.",akvariumy,https://zoocomplex.com.ua/image/catalog/category-1201.jpeg
1202,1185,"Аквариумные растения","<br> <p> Искусственные водоросли для аквариума необходимы для создания интерьера внутри аквариума при отсутствии настоящих растений. Такие элементы декора просты в уходе и изготовлены из материалов, не влияющих на состав воды или здоровье рыбок. Профессионально выполненные пластиковые аквариумные растения позволят аквариумисту сотворить неповторимые подводные пейзажи. Широкий ассортимент аквариумных растений позволяет шикарно украсить как морской аквариум, так и пресноводный. При желании, можно воссоздать картину глубокого океана, тропический пейзаж в ярких цветах, или же речную флору.</p><h2><br></h2><h2>Как использовать<br></h2> <p> </p><p><br></p><p>С помощью искусственных водорослей можно придать вашему аквариуму вид настоящего тропического моря. Такие элементы декора, как аквариумные растения очень удобны в пользовании, не вредят жителям аквариума и не производят мусора, делая тем самым среду обитания рыбок чище. Разнообразие искусственных аквариумных растений не оставит равнодушным ни одного аквариумиста, позволив ему воссоздать самый настоящий морской пейзаж. Применение таких растений уменьшит вероятность заболевания рыбок, избавит Вас от проблем вроде «черной бороды» на водорослях. Все искусственные растения для аквариума имеют неограниченный срок службы. </p> <br> <p> Благодаря искусственным водорослям и растениям для аквариума любой аквариумист может создать морской пейзаж, который придется по душе как ему, так и рыбкам. Искусственные растения экологичны для <a href=""https://zoocomplex.com.ua/tovary-dlya-ryb/akvariumy"" target=""_blank"">аквариума</a> и, разумеется, не вызывают таких проблем, как цветение воды, недостаток углекислого газа. Аквариумные водоросли – это удобное украшение как для пресноводного аквариума, так и для морского. Они имеют долгий срок службы и практичны в применении. Аквариумные водоросли легко чистить при необходимости. Их использование даст вам возможность в любой момент изменить интерьер внутри аквариума без всяких хлопот. </p> <br>","Растения для аквариума купить в Киеве, Днепре, Харькове","Аквариумные растения","Купить аквариумные растения в зоомагазине ZOOcomplex. Широкий выбор товара. Скидки. Звоните ☎ (067) 634-51-39, (050) 421-54-94. Доставка в Киев, Днепр, Одессу, Харьков, Львов",akvariumnye-rasteniya,https://zoocomplex.com.ua/image/catalog/category-1202.jpg
1203,1185,"Аквариумные нагреватели","<h2>Погружные нагреватели для аквариума в виде кабеля</h2><p>Нагревательные кабели очень удобны для обогрева аквариумов так как, обеспечивают постоянное и равномерное нагревание всего объема воды. Погружной кабель создаёт циркуляцию воды на дне аквариума, благодаря чему достигается эффект водоносного пласта. Кабели просты в использовании и их можно подключить к системе терморегуляции.</p><p>Аквариумные богреватели в виде кабеля удобно крепить в аквариуме с помощью присосок. Кабеля, как правило, имеют силиконовую обмотку, что увеличивает их срок службы. Использование подобных термокабелей возможно также в террариумах.</p><p>Такой тип нагревателей для аквариума помогает в развитии корневой системы <a href=""https://zoocomplex.com.ua/tovary-dlya-ryb/akvariumnye-rasteniya"" target=""_blank"" rel=""noopener"">водорослей</a>.</p><h2>Погружные нагреватели для аквариума</h2><p>Погружные нагреватели для аквариума предназначены для нагрева воды путем полного в нее погружения нагревательного элемента. Они обеспечат нужную т-ру воды, но займут при этом немного места в аквариуме.</p><p>Большинство погружных нагреватели для аквариума имеют встроенный в корпус терморегулятор для контроля температуры. Такие устройства сами отключаются при достижении необходимого уровня тепла. Выбирая погружной нагреватель для аквариума, оцените его размер, устройство должно быть полностью погружено в емоксть.</p><p>При выборе нагревателя без регулировки температуры, обратите внимание на его мощность и ориентируйтесь на цифру 28-30◦С.</p><h2>Проточные нагреватели для аквариума</h2><p>Обогреватели для аквариума необходимы для регулировки температуры воды в соответствии с потребностями жителей аквариума. Принцип действия проточных нагревателей достаточно прост: поток воды проходит через проточный нагреватель, в котором размещен специальный нагревательный элемент большой мощности. То есть, вода греется лишь тогда, когда течет.</p><p>Нагревательный элемент должен иметь высокую мощность, особенно, если аквариум находится в неотапливаемом помещении. Потому, проточные нагреватели для аквариума имеют большое энергопотребление дают высокую нагрузку на сеть, что критично для обыкновенных квартир.</p><p><b>Уважаемый покупатели, обращаем ваше внимание на то, что компания не несет ответственности за ущерб, который может быть причинен имуществу, в результате выхода из строя приобретенного товара. <a href=""https://zoocomplex.com.ua/garantiinye-obiazatelstva-na-akvariumnoe-oborudovanie/"" target=""_blank"" rel=""noopener"" style="""">Подробнее о гарантийных обязательствах на аквариумное оборудование.</a></b></p>","Нагреватель для аквариума купить в Киеве, Днепре, Харькове, Одессе и др.","Аквариумные нагреватели","Купить нагреватель для аквариума в зоомагазине ZOOcomplex. Звоните ☎ (067) 634-51-39, (050) 421-54-94. Доставка в Киев, Днепр, Одессу, Харьков",akvariumnye-nagrevateli,https://zoocomplex.com.ua/image/catalog/category-1203.jpeg
1204,1185,"Аксессуары для аквариума","<br> <h2>Очистители грунта для аквариума</h2> <br> <p> Представленные очистители для аквариума необходимы для чистки <a href=""https://zoocomplex.com.ua/tovary-dlya-ryb/grunt-dlya-akvariuma"" target=""_blank"">грунта</a>. Такие&nbsp;аксессуары для аквариума обычно выполнены в виде механического сифона и имеют полезные усовершенствования. Кран, встроенный в очиститель грунта, позволяет регулировать скорость течения воды через сифон, что позволяет применять очиститель для аквариума любых размеров. </p> <br> <p> Кроме того, в очистителях установлен обратный клапан (вода через это клапан течет в одном направлении). Для запуска очищающего грунт сифона достаточно сделать всего несколько движений шлангом. Устройство сифона не позволяет грунту попасть в шланг и засорить механизм. </p> <br> <h2>Пакеты для транспортировки рыб</h2> <br> <p> Пакеты для транспортировки рыб пригодятся любому аквариумисту при переселении рыбок в другой аквариум, или же необходимости взять плавающих друзей в долгий путь. </p> <br> <p> Пакеты для транспортировки рыбок достаточно прочные, прозрачные, что позволяет следить за рыбками и герметично закрывающиеся. Перед перевозкой рыбок лучше добавить в пакет кислород с помощью баллона и шланга, а также дезинфицирующие препараты при необходимости. За содержанием кислорода нужно следить и пополнять его запас, если рыбки плавают у самой поверхности. Для сохранения температуры, пакеты для транспортировки рыбок помещают в пенопласт или несколько слоев бумаги. </p> <br> <h2>Распылители воздуха</h2> <br> <p> Такой аксессуар, как распылитель воздуха предназначен для оптимального обеспечения аквариума кислородом. Работают они, как правило, с помощью обычного кварцевого песка. </p> <br> <p> Распылитель воздуха равномерно обогащает кислородом в виде мелких пузырьков воду в аквариуме. Распылители воздуха подходят как для аквариумов морских типов, так и для пресной воды. Эти аксессуары могут быть использованы в качестве элемента интерьера аквариума и загромождают среду обитания рыбок. </p> <br> <p> Распылители воздуха подходят для использования с компрессорами многих производителей и имеют долгий срок эксплуатации. </p> <br> <h2>Сачки для аквариума</h2> <br> <p> Сачки для аквариума – очень важные и удобные аксессуары. Сачки для аквариума используют для кормления рыб, вылавливания жителей аквариума при переселении или смене воды, а также для ловли корма. Сачок с мелкой сеткой подходит для ловли мелких рыбок и отцеживания живого корма, такого как дафнии и мотыльки. </p> <br> <p> Аквариумисту необходимо иметь по одному сачку на каждый аквариум. При выборе сачка, обратите внимание на то, что его глубина должна быть немного больше диаметра. Если ваш аквариум служит жильем для рыбок разного размера, лучше приобрести два сачка: для большой и маленькой рыбы. После использования, не забывайте промывать сачки и дезинфицировать при необходимости. </p> <br> <h2>Скребки для аквариума</h2> <br> <p> Такие аксессуары, как скребки для аквариума предназначены для простой и эффективной очистки от грязи и налета внутренних поверхностей аквариума: </p> <br> <p> Скребки для аквариума оснащены специальными лезвиями из нержавеющей стали, которые можно легко заменить. Также, конструкция скребков для аквариума не позволяет порезаться или задеть лишнее при очистке. Эти аксессуары пригодны для чистки как пресноводных, так и морских аквариумов. Многие скребки для удобства оснащены телескопической ручкой и набором различных насадок для стекол. </p> <br> <p> Магнитные скребки значительно облегчают процесс чистки. Они чистят стены, всплывая со дна на поверхность и скользя по стеклу. </p> <br> <h2>Термометры для аквариума</h2> <br> <p> Контроль температуры важен для жителей как морских, так и пресноводных аквариумов. Для сообщения аквариумисту о температуре используются термометры для аквариума. Сегодня эти аксессуары популярны как обычные – со шкалой и спиртовым столбиком, так и электронные термометры для аквариума. </p> <br> <p> Термометры для аквариума, как правило, имеют диапазон до 70 градусов Цельсия и очень точны в показаниях. Термометры для удобства крепятся на внешней стороне емкости и отображают данные о температуре как в воде, так и снаружи. </p> <br>","Аксессуары для аквариума купить в Киеве, Днепре, Харькове","Аксессуары для аквариума","Купить аквариумные аксессуары (сачок, термометр, краник и др.) в зоомагазине ZOOcomplex. Звоните ☎ (067) 634-51-39, (050) 421-54-94. Доставка в Киев, Днепр, Одессу, Харьков",akvariumnye-aksessuary,https://zoocomplex.com.ua/image/catalog/category-1204.jpeg
1205,1185,"CO2 оборудование для аквариума","<br> <h2>Баллонная СО2 установка</h2> <br> <p> Удобрение воды в аквариуме углекислым газом важно для жизнедеятельности водорослей. Баллонная СО2 установка – это оборудование, производимое специально для аквариумистов. Баллонные установки для подачи СО2 в аквариум имеют стоимость меньшую, чем дрожжевые. Пользоваться баллонными установками подачи СО2 достаточно удобно, однако идеальной дозировки углекислого газа добиться не получиться. </p> <br> <p> Баллонная СО2 установка состоит из баллона с газом (под высоким либо низким давлением) и диффузора (устройство для рассеивания газа в воде). Если Вы станете использовать баллон высокого давления, то можете не беспокоиться о его смене в течении целых многих месяцев. Баллоны с низким давлением газа менять нужно значительно чаще. </p> <br> <h2>Дрожжевая СО2 установка</h2> <br> <p> Дрожжевая СО2 <a href=""https://zoocomplex.com.ua/tovary-dlya-ryb/akvariumnye-nagrevateli"" target=""_blank"">установка</a> предназначена для обеспечения углекислым газом аквариумов с множеством водорослей. Принцип действия дрожжевой установки для подачи СО2 основан на выделении углекислого газа при брожении. Источниками газа в этом типе СО2 установок является смесь из сахара и дрожжей, а устройством распыления газа в воде - диффузор. </p> <br> <p> Основным достоинством дрожжевой СО2 установки является ее дешевизна. Однако это устройство требует наблюдения и смены ингредиентов для процессов брожения и выделения газа. Дрожжевые установки легко устанавливаются и обеспечивают аквариум углекислым газом в течении приблизительно 40 дней. </p> <br> <h2>Аксессуары для СО2 оборудования</h2> <br> <p> Здесь представлены аксессуары и дополнительные материалы для СО2 оборудования, используемого в аквариумах. </p> <br> <p> Диффузор СО2 – это устройство, служащее для распыления полученного углекислого газа в воде. Диффузор СО2 представляет собой колокол, нижняя часть которого открывается в воду. Благодаря такой форме, этот аксессуар достаточно быстро подает углекислый газ в воду. Диффузоры значительно удобнее в использовании, чем спирали для равномерного распределений СО2, или реакторы, смешивающие газ с водой. </p> <br> <p> Если Вы используете баллонную СО2 установку, то вам пригодится перезарядной баллон с углекислым газом. Применение такого аксессуара удобно на протяжении всего времени использования установки для подачи СО2 в аквариум. В зоомагазине <a href=""https://zoocomplex.com.ua"" target=""_blank"">ZООcomplex</a> Вы найдете широкий выбор подобного оборудования.</p> <br>","CO2 оборудование для аквариума купить в Киеве, Днепре, Харькове","CO2 оборудование для аквариума","Купить CO2 оборудование для аквариума в зоомагазине ZOOcomplex по доступной цене. Звоните ☎ (067) 634-51-39, (050) 421-54-94. Доставка в Киев, Днепр, Одессу, Харьков, Львов.",co2-oborudovanie,https://zoocomplex.com.ua/image/catalog/category-1205.jpeg
1206,1185,"Охладители для аквариума","<h2>Зачем охлаждать</h2><p>Наверно вы уже знаете о том, как необходима тёплая среда для ваших аквариумных обитателей. Так вот, особенно в летний период времени, аквариум тоже необходимо поддерживать в соответствующих климатических условиях – их нужно охлаждать. Способы есть разные и эффективность их тоже разная.</p><p>К примеру, в пресноводных аквариумах температура не должна подыматься выше 280 С, а в морских аквариумах выше 260 С. В летнее же время, когда душный воздух скапливается в плохо проветриваемых помещениях, нагрев воды в аквариуме может привести даже к гибели рыбок. При том, что нагреванию его так же способствует работа аквариумных фильтров и освещения – это далеко не единственные причины её нагрева, но самые значительные и пагубные. Особенно же нагревают аквариум галогеновые и Т-5 лампы, у которых повышенная теплоотдача.</p><h2>Методы охлаждения воды</h2><p>Но конечно с этим можно и следует бороться. Самыми распространёнными и чересчур упрощёнными методами считаются методы охлаждения кондиционирования помещения и охлаждение воды в аквариуме льдом и холодной водой. При этом охлаждение помещения во многих случаях может быть недостаточно эффективным, а охлаждение льдом и холодной водой вообще может пагубно отразиться на здоровье гидробионтов, которые чувствительны к резким перепадам температуры.</p><p>Еще один из надёжных способ охлаждения воды – посредством аквариумных холодильников. Несмотря на множество достоинств этого <a href=""https://zoocomplex.com.ua/tovary-dlya-ryb/pompy-i-fontany"" target=""_blank"" rel=""noopener"">аппарата</a> (хорошее охлаждение и терморегуляция) тут надо обязательно позаботиться об отводе тепла, при отсутствие которого эффект охлаждения будет минимальным.</p><p>Ещё одним из надёжных способов охлаждения воды, - а некоторым он может показаться самым оптимальным - является охлаждение за счёт портативных охладителей вентиляторного типа. Принцип их работы похож на принцип охлаждения компьютеров и автомобилей, и происходит это за счёт турбулентного воздуха, который подаётся в аквариум и выбивает все активные нагретые молекулы наверх из воды аквариума. Этот вариант по праву можно считать самым экономичным и тихим, который обеспечивает достаточный теплообмен и вентиляцию.</p><p><b>Уважаемый покупатели, обращаем ваше внимание на то, что компания не несет ответственности за ущерб, который может быть причинен имуществу, в результате выхода из строя приобретенного товара.&nbsp;<a href=""https://zoocomplex.com.ua/garantiinye-obiazatelstva-na-akvariumnoe-oborudovanie/"" target=""_blank"" rel=""noopener"" style="""">Подробнее о гарантийных обязательствах на аквариумное оборудование.</a></b></p>","Охладитель для аквариума купить в в Киеве, Днепре, Одессе, Харькове","Охладители для аквариума","Купить охладитель для аквариума в зоомагазине ZOOcomplex. Фото описание характеристики цена отзывы. Звоните ☎ (067) 634-51-39, (050) 421-54-94. Доставка в Киев, Днепр, Одессу, Харьков, Львов.",ohladiteli,https://zoocomplex.com.ua/image/catalog/category-1206.jpeg
1213,1185,"Морская соль для аквариума","<h2>Морская соль</h2> <p><br></p><p>Соль для аквариума это важный ингредиент любого морского аквариума. Использование соли создает аквариумным рыбкам ощущение настоящего моря и комфорт.</p> <p>Благодаря специальной технологии производства, морская соль содержит множество микроэлементов в форме, позволяющей им в течении долгого периода находится растворенными в воде.</p> <p>Качественная морская соль не имеет в своем составе вредных примесей, фосфатов и нитратов, которые лишь мешают работе фильтра для аквариума. При <a href=""https://zoocomplex.com.ua/tovary-dlya-ryb/co2-oborudovanie"" target=""_blank"">обустройстве</a> морского аквариума не используйте обычную бытовую соль, она не создаст условий, требуемых морскими обитателями.</p> <p>&nbsp;</p> <h2>Рифовая соль</h2> <p><br></p><p>Морская соль необходима как в аквариумах с тропической средой, так и в остальных.</p> <p>Высококачественная рифовая соль имеет особую формулу и предназначена для приготовления воды в аквариуме с разнообразными коралловыми рифами. Рифовая соль изготавливается только из натуральных, чистых компонентов и содержит набор макро и микроэлементов, необходимых для кораллов и других организмов, населяющих риф.</p> <p>Использование соли гарантирует наилучшие условия для роста мягких и твердых кораллов. Рифовая соль для морских аквариумов не содержит нитратов и фосфатов, благодаря чему легко и полностью растворяется в воде.</p>","Соль для морского аквариума купить в Киеве, Харькове, Днепре","Морская соль для аквариума","Купить соль для морского аквариума в зоомагазине ZOOcomplex. Фото описание характеристики цена отзывы. Звоните ☎ (067) 634-51-39, (050) 421-54-94. Доставка в Киев, Днепр, Одессу, Харьков, Львов.",sol,https://zoocomplex.com.ua/image/catalog/category-1213.jpeg
1217,1185,"Декорации для аквариума","<br><p> Каждый аквариумист желает, чтобы его аквариум был не просто красивым, а отдельным живописным маленьким Миром, для того, чтобы это осуществить можно купить декорации для аквариума. Декор для аквариума - это разнообразные детали и элементы подводного мира. Он поможет создать атмосферу подводного царства.<br> Также декорации для аквариума нужны для того, чтобы сымитировать естественную среду обитания некоторых рыбок, что положительно скажется на них. Декорации подойдут как для морского аквариума, так и для пресноводного.</p><br><h2>Аквариумистика - не только уход за рыбками</h2><br><p> Вы глубоко заблуждаетесь, если думаете, что аквариумистика - это только уход за рыбками. В наше время нередко можно увидеть подводное царство, в котором только рыб попросту нет, так как не все аквариумисты имеют возможность ухаживать за ними, однако аквариумистика - это целое искусство, своего рода картина, только в 3d. Благодаря растениям и декорам можно сделать прекрасную, приятную картину по своему вкусу, которая станет украшением в вашем помещении. Для того, чтобы создать красивый подводный мир, вовсе не обязательно быть дизайнером. Достаточно включить немного фантазии, и отнестись к этому творчески, это весьма увлекательное занятие, позволит отвлечься от суеты вокруг нас. </p><br><p> В нашем интернет-магазине декорации <a href=""https://zoocomplex.com.ua/tovary-dlya-ryb/zapasnye-chasti-k-akvaruimnomu-oborudovaniyu"" target=""_blank"">для аквариума</a> высокого качества по более выгодной цене, чем в других зоомагазинах. Сделайте маленький Мир загадочнее, таинственнее, прекраснее с нашими запоминающимися подводными ландшафтами. С быстрой и удобной доставкой сделать это очень просто.</p><br>","Купить декорации для аквариума в Киеве, Харькове, Днепре","Декорации для аквариума","Купить декорации для аквариума в зоомагазине ZOOcomplex. Широкий выбор. Скидки. Звоните ☎ (067) 634-51-39, (050) 421-54-94. Доставка в Киев, Днепр, Одесса, Харьков, Львов",dekoracii-dlya-akvariuma,https://zoocomplex.com.ua/image/catalog/category-1217.jpeg
1229,0,"Товары для птиц","<p></p><p>При покупке декоративной птицы необходимо заранее выбрать имя новому питомцу, определиться с размещением домика для птицы, изучить заранее повадки и привычки породы той птицы, которую надумали заводить. Однако очень многое для вас станет ясным только после заведения птицы, поэтому ко многим фактором следует быть готовыми заранее, а все товары для птиц можно приобрести в зоомагазине либо заказать в интернет магазине с доставкой на дом.<br></p><p><br></p><h2>Что можно купить в зоомагазине для птиц</h2><p><br></p><p>Список необходимых принадлежностей для заведения пернатого у себя дома:</p><p></p><ul><li>Клетка. Подобрать размер домика стоит заранее, все будет зависеть от количества заводимых друзей. Для одной птицы следуют придерживаться размеров 45 на 45 см. При подборе клетки обращайте внимание, что лучше выбирать клетку больше в размере в ширину, чем в высоту, ведь волнистые попугайчики любят перемещаться в горизонтальной плоскости<br></li><li>Жердочки. В клетках уже установлены жердочки, но они, как правило, пластмассовые. Замените их деревянными.<br></li><li>Кормушки, поилки для птичек. Приобретать стоит сразу две кормушки, одна будет необходима для основного корма, а другая будет использоваться для минеральной смеси.<br></li><li>Кормление. Подобрать стоит корм, минеральные смеси, минеральный камень, который нужен для стачивания клюва. Достаточно много информации есть на порталах интернет магазинов товаров для птиц, внимание необходимо обращать и на породу птичек.<br></li><li>Игрушки. Отнеситесь внимательнее к простым игрушкам: колокольчикам, качелькам, они недорогие, но птички их очень любят и служат они долго.<br></li></ul>Вам понадобится также бумага, необходима она для застила дна клетки, на многих клетках установлены уже решётки и поддоны, но они неудобны, там скапливается грязь и трудно впоследствии доставать из клетки. Лучше всего убрать поддон и постелить два простых листа бумаги, сейчас в магазинах в продаже имеются бумажные полотенца, можно использовать их. Не следует применять газету, содержащаяся в ней краска приводит часто к отправлению пернатых. Для спокойного сна понадобится темное покрывало, им необходимо накрывать клетку, чтобы новый друг подальше спал и не будил вас с утра.<p></p><p><br></p><p></p><h2>Необходимые условия для пернатого друга</h2><p><br></p><p>Заведение в доме птички может координатной поменять ваш образ жизни. Правила ухода:</p><p></p><ul><li>Не следует в доме использовать кухонную посуду с тефлоновым покрытием, такое покрытие опасно для птичек, в момент нагревания тефлон выделяет токсичные вещества, смертельно влияющие для пернатых. Лучше приобрести посуду из нержавейки или любого другого безопасного материала.<br></li><li>Не следует в доме, где есть пернатый использовать ароматические свечи, освежители воздуха, различные ароматические масла. Такие запахи и ароматы могут губительно влиять на их дыхательную систему, лучше всего в тех местах, где летает и живёт питомец не использовать и бытовую химию.<br></li><li>Табачный дым также губителен и опасен, как и другие ароматы и запахи, поэтому стоит отказаться от курения в доме. Перед тем, как контактировать с питомцем, тщательно помойте руки после сигарет.<br></li><li>График подъёма может значительно поменяться, они очень ранние существа, просыпаются с появлением первых солнечных лучей, при этом они хотят, чтобы вы тоже просыпались вместе с ними. Как только птичка проснулась, необходимо ее покормить.<br></li><li>Птички грязнули по своей сущности, поэтому приобретите пылесос, если у вас его нет, потому что пылесосить и подметать вам придется каждый день. Много мусора будет собираться возле клетки пернатого, лучше сразу подумать, сможете ли вы уборке уделять столько времени.<br></li><li>Заменить или убрать придется некоторые растения в доме, ведь многие из них ядовитые для птичек.<br></li><li>Пернатые очень любят яркие и блестящие предметы, поэтому если вы носите яркие украшения, лучше их при общении с питомцем снимать, это обезопасит его и вас.<br></li><li>Приручить их достаточно трудно, к каждой должен быть индивидуальный подход, в отличие от кошек и собак их с трудом можно назвать домашними животными. Если вы уже сразу купили ручную птицу, то для поддержания способностей пернатого, с ним придется заниматься каждый день. Для занятий и уборкой за ней потребуется достаточно времени, убедитесь, что вы им будете располагать.<br></li><li>Птички являются повышенным источником шума и крика, многих из них можно научить говорить, но обычно они щебечут, кудахчут или чирикают. При этом выбирать для этого специальное время они уж точно не будут, приготовьтесь к восприятию таких звуков.<br></li><li>Пернатые достаточно привередливые существа, поэтому если в итоге к вам они привыкнут, то к остальным могут вести себя агрессивно и неприветливо. Такое отношение совсем не зависит от вида птиц, к такому поведению подвластны все птички.<br></li></ul><p></p><p>Перед покупкой птички позаботьтесь, что вы приобрели все необходимые товары для нее и аксессуары. Создайте комфортные условия в помещении, где будет установлен домик с новым другом. Каждый член семью должен будет ухаживать, и оказывать заботу о <a href=""https://zoocomplex.com.ua/tovary-dlya-gryzunov"" target=""_blank"">питомце</a>, иначе пернатый друг выберет себе одного хозяина, а к остальным будет проявлять свою агрессию и пренебрежение.</p><p></p>","Товары для птиц купить по низким ценам в Киеве, Днепре, Харькове","Товары для птиц","Купить товары для птиц в зоомагазине ZOOcomplex по низкой цене: фото, описание, характеристики. Звоните ☎ (067) 634-51-39, (050) 421-54-94. Доставка в Киев, Днепр, Одессу, Харьков, Львов.",tovary-dlya-ptic,https://zoocomplex.com.ua/image/catalog/category-1229.jpg
1231,1229,"Клетки для птиц","<p></p><h2>Аксессуары для клеток</h2><p>Эти аксессуары для птичьих клеток помогут вам облагородить жилище любимой птички. Разнообразить среду обитания попугая и приблизить ее к природной Вам помогут такие аксессуары, как жердочки и палочки разной длины, насесты и прутики. А хозяевам канареек рекомендуется подвесить в клетку кольцо, так обожаемое этими птицами.<br>При выборе и установке аксессуаров для клетки подумайте об их правильном размещении внутри. Жердочки должны находиться на достаточном расстоянии друг от друга, и не должны быть прикреплены над кормушками во избежание загрязнения пометом. Аксессуары не должны полностью загромождать клетку, оставляя место для полетов птички.<br></p><h2>Клетки</h2><p>Клетки для птиц сегодня бывают самыми разными и при их выборе важно учитывать, какой именно пернатый питомец в ней поселится. Начинающим птицеводам стоит обратить внимание на клетки для птиц FERPLAST, изготовленные из пластика и металла. Эти клетки для птиц удобны в уборке и обслуживании, благодаря выдвижному поддону и экологически чистым материалам.<br>Важно подобрать клетку правильной формы, которая не будет мешать попугаю расправлять крылья или передвигаться. Конструкция клетки для попугаев не должна позволять Вашему летающему другу свободно улететь, а дверца должна быть достаточно надежной.<br></p><h2>Подставки под клетки</h2><p>Покупая домик для птицы важно учитывать, где вы ее разместите у себя дома. Подставки под клетки, которые вы видите, необходимы для того, чтобы жилье попугая всегда находилось на нужной высоте. Ведь для птиц очень важно получать в достаточном количестве солнечный свет и воздух.<br>Подставки под клетки с регулируемой высотой, а также передвижные подставки помогут вам с легкостью справиться с клеткой любого размера. Подставки, как правило, производят специально под вертикальные клетки, либо под горизонтальные для нескольких попугаев. Приобретение в нашем <a href=""https://zoocomplex.com.ua"" target=""_blank"">магазине</a> подставки, позволит вам разместить птичий домик на полу, не загромождая мебель.</p><p></p>","Клетка для попугая, канареек и других птиц. Купить в Киеве, Днепре","Клетки для птиц","Заказать клетки для птиц в зоомагазин ZOOcomplex. Описание, характеристики, цена, отзывы. Звоните ☎ (067) 634-51-39, (050) 421-54-94. Доставка в Киев, Днепр, Одессу, Харьков, Львов.",kletki-i-aksessuary,https://zoocomplex.com.ua/image/catalog/category-1231.jpg
1232,1229,"Корм для птиц","<br><h2>Витаминные смеси</h2><br><p> Витаминные смеси и подкормки для птиц – это важный источник витаминов и минералов для вашего пернатого друга. Обычно эти витаминные комплексы представлены в сыпучем виде. Часто они применяются для улучшения пищеварения попугайчиков.<br> В состав витаминных смесей часто входят измельченные раковины моллюсков, кварц, содержащий множество полезного, древесный уголь, который важен для правильной работы пищеварительной системы птицы и гравий, обожаемый волнистыми попугайчиками. Многие витаминные смеси помогают при повышенной кислотности желудка, потере аппетита и других недомоганиях.</p><br><h2>Корма для птиц</h2><br><p> Представленные в этом разделе корма <a href=""https://zoocomplex.com.ua/tovary-dlya-ptic/kletki-i-aksessuary"" target=""_blank"">для птиц</a> изготавливают с учетом вкусовых пристрастий этих животных, также потребностей в питательных веществах. В состав корма для птиц входят ячменное просо, зерна пшеницы, питательная овсянка и целый набор луговых трав. Корм для птиц обеспечит вашего пернатого друга всеми необходимыми веществами, а йод, входящий в корм, улучшит пищеварение.<br> Витаминные подкормки служат дополнением к корму для птиц и помогают восстановить или усилить окрас попугайчиков, поддержать иммунитет. Корм для птиц – гурманов содержит такие лакомства как фасоль, кукурузу, цельные орешки и коноплю. Ваш летающий питомец обязательно оценит эти вкусности.</p><br><h2>Минеральные камни для птиц</h2><br><p> Минеральные камни для птиц содержат богатый набор витаминов и минералов, необходимых этим животным. Основными компонентами минеральных камней выступают: кальций, натрий магний, цинк, уголь. Минеральные камни важны для укрепления костей попугая, а также стачивания коготков и клюва. Минералы прекрасно помогают в нормализации пищеварения и очищении организма.<br> Множество производителей добавляют в минеральные камни для птиц йод, необходимый для роста, а также поддержания хорошего здоровья всех видов попугаев и канареек. Важно упомянуть что минералы, содержащиеся в камня, играют роль в формировании здорового яйца.</p><br>","Корма для птиц купить в Киеве, Днепре, Харькове","Корм для птиц","Купить корма и подкормки для птиц в зоомагазине - ZOOcomplex. Описание, характеристики, цена, отзывы. Звоните ☎ (067) 634-51-39, (050) 421-54-94. Доставка в Киев, Днепр, Одессу, Харьков, Львов.",korma-i-podkormki-dlya-ptic,https://zoocomplex.com.ua/image/catalog/category-1232.jpg
1234,0,"Товары для рептилий","<br><p>Увлечение террариумистикой появилось лишь во второй половине двадцатого века, представляет собой направление по содержанию рептилий, наземных пресмыкающихся и амфибий в домашних условиях. С конца двадцатого века достигнуты большие успехи по размножению и выведению многих видов. Чтобы завести дома рептилию, необходимо ориентироваться, какие товары для террариумистики следует приобрести, купить их можно в любом зоомагазине или в интернете.</p><br><p>До сих пор террариумистика остаётся экзотическим увлечение, ведь не каждый отважится жить дома с крокодилом, змеей, игуаной, поэтому существует много пугающих стереотипов. Однако все чаще, люди приходят к выводу, что в содержании таких животных возникает меньше проблем и забот. От них образовывается меньше грязи, неприятного запаха, при этом они не нарушают уклад жизни своего хозяина. Чем больше люди узнают об амфибиях и рептилиях, тем больше приходят к выводу, какие это чудесные и необычные существа, разрушается главный стереотип, что такие животные мерзкие и холодные на ощупь. Заводчики всего мира смело утверждают, что террариум не бывает единственным, он всего лишь бывает первым.</p><br><h2>Что нужно знать об образе жизни рептилий</h2><br><p>Главной задачей, в которой необходимо ориентироваться остаётся питание. Что же входит в их рацион питания? В основном это крысы и хомяки, но для этого вам придется приобретать теплокровных в магазинах, если завести рептилий поменьше, то для их питания продаются специальные корма, а вот насекомых можно и вовсе выловить на природе или даче, что не вызовет дополнительных финансовых расходов. Прежде чем кормить питомца, необходимо выяснить, чем он питался ранее, в принципе, для прикорма игуаны даже подойдёт мясо (печень или рыба), только переводить ее на подобный рацион стоит аккуратно и постепенно.</p><br><p>Определиться необходимо и с проживанием вашего питомца дома, для этого важно подготовить оборудованный террариум. Они бывают разные, существуют:</p><ul><li>террариумы для черепахи; </li><li>для хамелеона;</li><li>для змей и других рептилий.</li></ul><p>Отличаются они между собой специальным оборудованием для содержания питомца. Вентиляцию лучше расположить сверху и с лицевой стороны, температура в их домике регулируется благодаря использованию обогревательных ламп либо тепловых ковриков, возможно применение ультрафиолетовых ламп. Не стоит забывать об уровне влажности, поэтому стоит частенько обрызгивать их убежище водой. Для обустройства террариума на дно помещается грунт, а вокруг укладываются ветки и растения, ведь необходимо для рептилии создать естественную среду обитания, только в уменьшенном виде. Устанавливается поилка и кормушка <a href=""https://zoocomplex.com.ua/tovary-dlya-ptic"" target=""_blank"">для животного</a>. Вода подлежит смене каждый день, а вот фекалии и остатки пищи, разбросанные по террариуму лучше удалять сразу.</p><br><p>Помимо питания и содержания важным моментом является прогулка питомца, прогуляться они могут пешком либо владелец выносит их на воздух в клетке. Обязательно важно следить за здоровьем, при взятии на руки животного, оно должно реагировать и проявлять активность, вялость хладнокровного- тревожный признак, исключением является только уход в спячку.<br>Содержание рептилии дома требует от владельца много времени, финансовых затрат и необходимый комплекс знаний хотя бы на первых порах.</p><br>","Товары для террариумистики купить по доступной цене в зоомагазине - ZOOcomplex","Товары для террариумистики","Купить товары для террариумистики в интернет-магазине ZOOcomplex по низкой цене. Звоните ☎ (067) 634-51-39, (050) 421-54-94. Доставка в Киев, Днепр, Одесса, Харьков, Львов.",tovary-dlya-terrariumistiki,https://zoocomplex.com.ua/image/
1235,1234,Террариумы,"<br><p> Экзотические животные набирают все большую популярность среди людей, желающих завести домашних питомцев. Для того, чтобы ухаживать за какой-нибудь рептилией, необходимо частично воссоздать их естественную среду. Для этого нужно купить террариум и заполнить его грунтом, декорацией и растительностью(в зависимости от того, какую зверушки вы выбрали своим питомцем). То есть, ваш террариум - это тот же аквариум, только вместо рыбки какая-нибудь рептилия. Если вы хотите больше узнать о том, как ухаживать за теми или иными экзотическими животными и в каких условиях нужно их разводить, вам может помочь наш <a href=""https://zoocomplex.com.ua/blog?journal_blog_tag=%D0%A2%D0%B5%D1%80%D1%80%D0%B0%D1%80%D0%B8%D1%83%D0%BC%D0%B8%D1%81%D1%82%D0%B8%D0%BA%D0%B0"">блог про террариумистику</a>.</p><br><p> В качестве террариума можно использовать аквариум, главное, чтобы он был достаточного размера и был заполнен в соответствии требованиям вашего питомца. В ZooComplex есть аквариумы различных размеров, которые подойдут для множества видов рептилий. Наш интернет-магазин предлагает любителям экзотических животных продукцию фирмы Resun. Это пластиковый террариум высокого качества, в форме небольшого бокса, который используется для переноски, транспортировки животных, также подойдет для временного содержания небольших рептилий. Можно использовать для постоянного содержания улиток, лягушек, крабов, черепах, ящериц и других мелких рептилий.</p><br><h2>Преимущества пластиковых террариумов Resun:</h2><ul> <li>удобная форма для комфортной транспортировки питомца;</li> <li>высокое качество материала(очень прочный пластик);</li> <li>наличие специальной защёлкивающей крышки, что располагается в верхней части бокса, вмонтирована в основной съемной крышке, которая также предназначена для <a href=""https://zoocomplex.com.ua/tovary-dlya-terrariumistiki/korma-i-podkormki-3"" target=""_blank"">кормления</a> животных.</li></ul><br>","Купить террариум для черепахи, хамелеона, рептилий",Террариумы,"Купить террариумы (вертикальный, горизонтальный, кубический) в зоомагазине ZOOcomplex. Звоните ☎ (067) 634-51-39, (050) 421-54-94. Доставка в Киев, Днепр, Одессу, Харьков, Львов.",terrariumy,https://zoocomplex.com.ua/image/catalog/category-1235.jpeg
1236,1234,"Тумбы для террариума","<p><strong>Подставки и тумбы</strong></p> <p><strong><br></strong></p> <p>После приобретения террариума, возникает вопрос, &nbsp;где этот терарриум будет располагаться. Подставки и тумбы для террариума способны решить эту проблему. Особенно актуальным становиться вопрос, если террариум имеет большой размер. Поэтому, чтобы террариум устойчиво распологался на подставке или тумбе, и гармонировал с интерьером помещения, следует приобрести тумбу или подставку, того же производителя что и террариум.</p> <p>В разделе подставки и тумбы и Вы найдете подходящую Вам подставку для террариума, которая полносью будет отвечать всем Вашим требованиям и органично впишется в интерьер.</p>","Тумбы для террариума - в интернет-магазине ZOOcomplex","Тумбы для террариума","Купить Подставки и тумбы в категории Товары для террариумистики - зоомагазин ZOOcomplex Подставки и тумбы: фото описание характеристики цена отзывы. Звоните ☎ (067) 634-51-39, (050) 421-54-94. Доставка в Киев, Днепр, Одессу, Харьков, Львов.",tumby-dlya-terrariumov,https://zoocomplex.com.ua/image/catalog/category-1236.jpg
1237,1234,"Освещение для террариума","<p><strong>Осветительное оборудование</strong></p> <p>&nbsp;</p> <p><strong>Осветительное оборудование для террариума</strong> является одной из самых важных составляющих в террариумистике. Поскольку большинство террариумных животных содержатся в специфических условиях, которые отличаются от их родной среды обитания, им требуется дополнительный источник света. Некоторым животным жизненно необходит мощный свет, который имитирует яркое солнце, под лучами которого животные набираются энергии и согреваются.</p> <p>Для этого в террариумистике используются люминисцентные или галогенные террариумные лампы. Специальное террариумное осветительное оборудование учитывает все особенности животных, которые содержатся в террариуме и защищают контакт животного с осветительным оборудованием.</p> <p>Осветительное оборудование для террариума является одной из самых важных составляющих в террариумистике. Для большинства пресмыкающихся необходим особый <strong>светильник для террариума</strong>, наиболее подходящий к их образу жизни. В некоторых случаях, например при уходе за тропическими ящерицами, <strong>светильник для террариума</strong> должен имитировать яркое солнце, под лучами которого животные набираются энергии и согреваются.</p> <p>В террариумистике также используются люминесцентные или галогенные террариумные лампы. Специальное террариумное осветительное оборудование учитывает все особенности животных, которые содержатся в террариуме и защищают контакт животного с осветительным оборудованием. В нашем магазине вы найдете большой выбор светильников для террариума ведущих производителей.</p> <p>&nbsp;</p>","Освещение для террариумов - в интернет-магазине ZOOcomplex","Освещение для террариума","Купить Осветительное оборудование в категории Товары для террариумистики - зоомагазин ZOOcomplex Осветительное оборудование: фото описание характеристики цена отзывы. Звоните ☎ (067) 634-51-39, (050) 421-54-94. Доставка в Киев, Днепр, Одессу, Харьков, Льв",osveshenie-dlya-terrariuma,https://zoocomplex.com.ua/image/catalog/category-1237.jpg
1238,1234,"Оборудование для террариума","<p>Оборудование для террариума выключает в себя целый ряд полезных устройств и принадлежностей, с помощью которых создаются оптимальные условия для жизни рептилий. Такое оборудование<a href=""https://zoocomplex.com.ua/tovary-dlya-terrariumistiki/terrariumy"" target=""_blank""> террариума</a>, как гигрометр, позволит следить за уровнем влажности, а термометр – контролировать температуру.</p> <p>Если вы содержите пустынных рептилий, то вам необходим обогреватель террариума для того, чтобы поддержать жаркий микроклимат. Кроме климатических приборов, нужно уделить внимание таким мелочам, как кормушка для террариума, поилки и прочие полезности. На сегодняшний день, существует широкий выбор оборудования террариума, что позволяет сделать жизнь пресмыкающихся максимально комфортной.</p>","Оборудование для террариума купить в интернет-магазине ZOOcomplex","Оборудование для террариума","Купить оборудование для террариума в зоомагазине ZOOcomplex. Описание, характеристики, цена, отзывы. Звоните ☎ (067) 634-51-39, (050) 421-54-94. Доставка в Киев, Днепр, Одессу, Харьков",oborudovanie-dlya-terrariuma,https://zoocomplex.com.ua/image/catalog/category-1238.jpeg
1239,1234,"Лампы для террариума","<p>Для правильного содержания рептилий и амфибии важно соблюдать правильное освещение в террариуме. Выбирая лампы для террариума, следует обратить внимание на соответствие их мощность и интенсивность света. Кроме обыкновенных ламп для террариума, возможно, придется установить ультрафиолетовые, ведь многие пресмыкающиеся нуждаются в этом излучении.</p> <p>Лампы для террариума бывают разных видов в зависимости от животных, для которых предназначены. Это <a href=""https://zoocomplex.com.ua/tovary-dlya-terrariumistiki/oborudovanie-dlya-terrariuma"" target=""_blank"">оборудование</a> должно иметь хорошую цветовую температуру и индекс цветопередачи, - это благоприятно скажется на окраске змей и ящериц. Стоит помнить, что террариумные лампы должны подходить по размеру среды обитания, иначе некоторые области буду освещены недостаточно.</p>","Лампы для террариума купить в интернет-магазине ZOOcomplex","Лампы для террариума","Купить лампу для террариума в зоомагазине. Описание, характеристики, цена, отзывы. Звоните ☎ (067) 634-51-39, (050) 421-54-94. Доставка в Киев, Днепр, Одессу, Харьков, Львов.",lampy-dlya-terrariuma,https://zoocomplex.com.ua/image/catalog/category-1239.jpeg
1240,1234,"Корм для рептилий","<p>Корм для террариумных животных должен содержать все необходимые питательные вещества, так как хорошее питание является важной составляющей здоровой жизни любой рептилии. Сегодня корм <a href=""https://zoocomplex.com.ua/tovary-dlya-terrariumistiki/lampy-dlya-terrariuma"" target=""_blank"">для террариумных животных</a> создается с учетом особенностей питания того или иного вида. Так, например, корма для черепах, проживающих в воде, должен содержать достаточно мяса рыбы и морепродуктов, а корм для черепах сухопутных – питательные растения и травы.</p><p><br></p><p>Корм для агам и подобных им всеядных ящериц выпускается в виде гранул и содержит комплекс необходимых витаминов и минералов для здорового роста. Питанию таких животных, как игуаны, стоит уделить особое внимание. Корм для игуан в должен быть хорошо измельчен и содержать легкоусваиваемые белки. </p><p>Широкий выбор товаров для террариумистики ищите в нашем зоомагазине <a href=""https://zoocomplex.com.ua"" target=""_blank"">ZOOcomplex</a>.</p>","Корм для рептилий купить в интернет-магазине ZOOcomplex","Корма для рептилий","Купить корма для рептилий в онлайн магазине ZOOcomplex. Звоните ☎ (067) 634-51-39, (050) 421-54-94. Доставка в Киев, Днепр, Одессу, Харьков, Львов.",korma-i-podkormki-3,https://zoocomplex.com.ua/image/catalog/category-1240.jpeg
1242,1234,"Декорации для террариумов","<p>Важным элементом для жилища ящериц и змей являются декорации для террариума. Это может быть неглубокая норка, камни разнообразной формы или террариумное растение. Декорации для террариума помогут животным расслабиться и приятно разбавят обстановку. Некоторые виды рептилий используют декорации для террариума в качестве маскировки. Так, всевозможные лианы и стебли растений очень нравятся многим видам змей.</p> <p>Террариумные растения, как и все прочие предметы, должны быть безопасными для животных, а также устойчивыми. Интернет-магазин zoocomplex.com.ua предлагает вам широкий ассортимент декораций для террариума, которые сделают уголок жизни еще красивее и приятней для его обитателей.</p>","Декорации для террариума купить в интернет-магазине | ZOOcomplex","Декорации для террариумов","Купить декорации для террариума в зоомагазине ZOOcomplex. Описание, характеристики, цена, отзывы. Звоните ☎ (067) 634-51-39, (050) 421-54-94. Доставка в Киев, Днепр, Одессу, Харьков, Львов.",dekoracii-dlya-terrariumov,https://zoocomplex.com.ua/image/catalog/category-1242.jpg
1243,0,"Другие товары",<p><br></p>,"Другие товары для животных - в интернет-магазине ZOOcomplex","Другие товары","Купить другие товары зоомагазин ZOOcomplex. Звоните ☎ (067) 634-51-39, (050) 421-54-94. Доставка в Киев, Днепр, Одессу, Харьков, Львов.",drugie-tovary,https://zoocomplex.com.ua/image/
1275,0,"Спальные места и переноски","<br><p>Как кошки, так и собаки, живущие в наших квартирах, являются хищниками. И, несмотря на то, что они давно приручены и одомашнены, инстинкты дикой природы остаются неизменными. В естественной среде хищники всегда находят себе комфортное место для сна. Именно поэтому и в домашних условиях им нужно обеспечить уютный собственный уголок. Для этого и нужны спальные места и переноски для животных. Помимо того, что лежанка <a href=""https://zoocomplex.com.ua/tovary-dlya-koshek"" target=""_blank"">для кошки</a> это теплая и комфортная норка, место, где она сможет спокойно отдохнуть, это еще и спасение для ее хозяев. </p><p>Приобретая лежанки и подстилки AnimAll, владельцы домашних питомцев избавляются от необходимости чистить одежду и мебель от шерсти. Само же место легко чистится пылесосом, сухой щеткой или губкой. Различные материалы изготовления, цветовая гамма изделий позволяют подобрать их к любому интерьеру помещения. То есть, место Вашего любимца будет гармонично смотреться в квартире. </p><br><h2>Как выбрать</h2><br><p>Для того чтобы правильно подобрать лежак для домашнего питомца, нужно обратить внимание на его индивидуальные особенности. Некоторые из них охотно общаются и с хозяевами, и с их гостями. Другие же, напротив, предпочитают находиться в своем собственном пространстве и ограничивать общение с посторонними. </p><p>На основании этого и выбираю место для собак или кошки:</p><p></p><ul><li>Закрытое место – идеально подходит для животных, предпочитающих спать в коробках, шкафах и прочих закрытых местах;<br></li><li>Открытые лежанки – отличное место для животных, предпочитающих постоянно следить за всем происходящим в помещении. </li></ul>Сейчас все большую популярность приобретают кошачьи гамаки. Их можно подвешивать в любом месте квартиры: <p></p><p></p><ul><li>На шкаф;</li><li>У батареи; </li><li>На ножку кресла.</li></ul>Широкий ассортимент моделей, которые предлагают будки и домики для котов и собак от ТМ AnimAll позволит подобрать домик на вкус любого домашнего питомца. Также обратите внимание, что если собаку приучить к месту достаточно просто, то кошка, являясь своенравным животным, не всегда охотно ложится на новую постельку. В таком случае кошачье жилье нужно поставить на то место, где животное больше всего любит отдыхать. Это может быть диван, подоконник или место у батареи. <p></p><p>Дополнительно можно положить в лежанку любимые игрушки питомца, это также будет привлекать кошку в домик. Если животное и дальше проявляет упрямство, можно капнуть на лежанку несколько капель кошачьей мяты, это однозначно привлечет мурлыку к новому месту. И если лежанка или домик предназначены для домашнего использования, то переноски MPS необходимы кошкам и собакам мелких пород при переездах. Приучать животных к переноскам нужно в спокойной обстановке в квартире. Если животное освоилось, оно намного комфортнее будет чувствовать себя в переносном домике, покидая ее пределы. Переноска необходима при поездках на выставки, переездах на дачу и любых других путешествиях маленьких хищников.<br></p>","Спальные места и переноски для животных купить в интернет-магазине - ZOOcomplex","Спальные места и переноски","Спальные места и переноски для котов, собак и других животных в зоомагазине ZOOcomplex: фото ✔ описание ✔ характеристики ✔ цена ✔ отзывы ✔ Звоните ☎ Доставка в Киев, Днепр, Одесса, Харьков, Львов, Запорожье и др.",spalnye-mesta-i-perenoski,https://zoocomplex.com.ua/image/
1337,0,"Товары для лошадей","<br><p> Коневоды знают, какие необходимы товары для лошадей, чтобы животное чувствовало себя комфортно, и чтобы владельцу было легче с ним справляться. Но если человек впервые заводит себе такое благородное животное, то зоомагазины предлагают огромный ассортимент снаряжения и наборов для лошадок.</p><br><p> В ассортимент товаров для таких животных входит огромное количество всевозможных деталей, поэтому для безопасной работы с лошадками будет недостаточным при себе иметь только уздечку и седло. Самыми главными компонентами являются непременно уздечка и удила. При помощи этих элементов осуществляются команды, а порой и усмиряется нрав животного, с их помощью в компоненте с другими деталями подчиняется непокорная лошадь.</p><br><h2>Удила</h2><br><p> У лошади существуют прорехи, где отсутствуют зубы, вот туда и помещаются удила. Состоят они из двух колец и грызла, при помощи их и осуществляется управление челюстью животного, чтобы при необходимости менять направление, тормозить или останавливаться. Грызло давит на язык и губы, а в целом оказывает давление на челюсть.</p><br><p> Удила могут быть выполнены из железа, меди, стали, если удила сделаны из металла, они называются трензелем.</p><br><p> Главным условием подбора удила является соответствие его по размеру, у животного должен создаваться жевательный рефлекс, который будет создавать нервный импульс, вызывающий расслабление. Выбирать удила необходимо не по внешнему виду, а по его характеристикам, чтобы животному было комфортно и не возникало болевых ощущений.</p><br><h2>Уздечка</h2><br><p> Главной функцией уздечки остаётся удерживание удило, в состав уздечки, собственно говоря, входит и удила и повод, что необходимо для осуществления сигнала лошадке о выполнении необходимых действий.</p><br><h2>Повод</h2><br><p> Повод представляет собой ремни, крепящиеся к кольцам удила, чтобы контролировать процесс за ртом животного наезднику. При помощи повода задаётся направление скакуна либо вовсе сбавить ему темп.</p><br><h2>Шамбон</h2><br><p> Представляет шамбон завязки, размещаемые на голову коня, чтобы зафиксировать позицию головы во время тренировок. Крепится он к трензелю. При помощи шамбона снимается нагрузка со спины животного, применяется в основном во время выездки животного.</p><br><h2>Седло</h2><br><p> Данное приспособление необходимо для предохранения спины коня. Без использования седла нагрузка на спину животного очень большая, а седло помогает распределить вес наездника по всей спине равномерно. Поэтому к выбору седла необходимо отнестись очень серьезно. Обращайте внимание во время установки на длину ленчика, высоту холки и другие факторы. Поэтому в основном седла выполняются по индивидуальному заказу.</p><br><p> Седла необходимо использовать разные в зависимости от цели поездки:</p><br><ul> <li> Выездка; </li> <li> Преодоление препятствий; </li> <li> Прогулка. </li></ul><br><p> Не используете седла универсальные или многофункциональные, седла следует использовать конкретно для какой-то одной цели, обращайте внимание при выборе на фирму производителя.</p><br><h2>Корда</h2><br><p> Используется корда для обучения животного и всадника прыжкам, представляет собой ленту из тесьмы примерно 15 см. С одного конца тесьма предполагает ремешок, который прикрепляется к пряжке, а с другой стороны конца делается петля в длину 20 см.</p><br><h2>Стремена</h2><br><p> Стремена являются составным элементом седла, фиксируют ноги наездника и сохраняют баланс во время езды. Служат для предоставления упора, раньше выполнялись в виде петель, но это было очень опасно.</p><br><p> Наряду со снаряжением для тренировок, можно приобрести в магазинах защитное снаряжение. Необходимо это для обеспечения комфорта животному, чтобы не допустить переохлаждения животного.</p><br><p> К такому снаряжению относится:</p><br><ul> <li> Попона. Производится попона из шерстяной ткани, служит для придания животному теплоты и сухости, представляет собой защитное покрывало, используемое для обогрева животного. Различаются они в зависимости от климатических условий: существуют зимние варианты и обеспечивающие сухость животному (левадные). </li> <li> Бинты. Призваны защищать связки и сухожилия лошадям от растяжек и разрывов во время тренировок. </li> <li> Кобуры. Во время тренировок или скачек животное может получить зарубы конечности ног, представлять собой они могут ссадины и раны, поэтому поверх копыт натягиваются резиновые кобуры. </li></ul><br><p> Среди товаров для лошадей необходимо также сделать акцент на товары для ухода за лошадьми, ведь чистоплотность и аккуратность шерсти лошадки способствует выведению излишек тепла, следить и чистить необходимо и копыта животного, для этих манипуляций следует приобрести специальные щетки. Помимо этого могут пригодиться шершавые рукавицы, щётка для влажной и сухой чистки, скребок для удаления лишней влаги с шерсти животного, ведро, массажный скребок. Это все самые <a href=""https://zoocomplex.com.ua/tovary-dlya-sobak"" target=""_blank"">необходимые товары</a> можно приобреcти в конном магазине Zoocomplex.com.ua для должного содержания лошадок.</p><br>","Товары для лошадей купить в Украине - Киев, Днепр, Одесса","Товары для лошадей","Купить товары для лошадей в интернет магазине Zoocomplex. Лучший выбор товаров по уходу за лошадками. Звоните ☎ (067) 634-51-39, (050) 421-54-94. Доставка в Киев, Днепр, Одесса, Харьков, Львов.",tovary-dlya-loshadej,https://zoocomplex.com.ua/image/catalog/category-1337.jpg
1338,0,"Товары для хорьков","<br><p> Первым делом, при приобретении хорька стоит запастись необходимыми аксессуарами, чтобы животному было комфортно и безопасно у вас в доме. Необходимые товары для хорьков продаются в зоомагазинах или интернет магазинах недорого, причем доставят по желанию товары прямо к вам домой.</p><br><h2>Клетка</h2><br><p> Хорьки бегают по дому, могут уснуть прямо на диване, но для обеспечения их своим пространством стоит всё-таки позаботиться о приобретении клетки. В клетке можно расположить специальные предметы для активного времяпровождения животного, тем более, если большую часть времени зверёк будет жить там. Оптимальным размером будет при выборе клетки 70*40*45 см. Лучше выбирать клетку многоуровневую, с расположенным под ней поддоном для сбора мусора и наполнителя.</p><br><h2>Лоток</h2><br><p> Лоток необходим животному, чтобы справлять свои нужды, размещают его обычно в клетке, при выборе стоит сделать акцент на наличие бортов вокруг лотка, чтобы животное не имело возможности разбрасывать наполнитель по всему дома. По возможности можно установить лоток не только в клетке, но и в комнатах, где зверёк проводит время.</p><br><h2>Гамак</h2><br><p> Питомцы очень любят поспать в любое время суток, поэтому необходимым аксессуаром будет гамак для сна, хорьки любят поспать в подвешенном состоянии, причем приобрести такой предмет вы можете в зоомагазинах или сшить самостоятельно. Главным условием при выборе является отсутствие посторонних запахов, если у вас больше одного хорька, то каждому нужно создать свое индивидуальное спальное место.</p><br><h2>Миска</h2><br><p> Отличие мисок для хорьков состоит в крепление их на стенки клетки, устанавливать напольные миски и поильники очень опасно, они быстро переворачивают их или разбрасывают еду по всему дому. Лучшим выбором станет шариковая миска.</p><br> <h2>Аксессуары для гигиены</h2><br><p> Сами по себе хорьки очень чистоплотные создания. Однако в период линьки их стоит купать, причем использовать обычные шампуни не стоит, в магазинах продаются специальные средства для купания и щетки- расчёски.</p><br><p> Для ухаживания за когтями животного необходимо приобрести когтерезку, для чистки зубов воспользуйтесь зубной пастой и обычной щеткой.</p><br><h2>Переноска</h2><br><p> Переноска очень важный предмет в обиходе и содержании животного, вам она понадобится для посещения ветеринара, прогулкам по городу, во время путешествий. Выбирать лучше пластиковую переноску, обязательно, чтобы были решеточки для установки миски и поильника, во время транспортировки питомцу может захотеться попить или поесть.</p><br><h2>Шлейка</h2><br><p> Вводя на прогулку во двор или в парк, лучше хорька не удерживать в переноске, а отпускать на свободу, для этого приобретите шлейку, чтобы животное не убежало и не потерялось. Она должна крепко застёгиваться на теле хорька, но при этом не стеснять его во время движения.</p><br><p> При выборе материала обратите внимание на нейлон, длину поводка выбирайте 2-3 метра.</p><br><h2>Игрушки</h2><br><p> Хорьки очень жизнерадостные и активные животные, поэтому обделить их игрушками просто нельзя. Питомец сам выберет, какая будет его самой любимой и отдаст предпочтение именно ей. Лучше всего выбирать твердые игрушки, сделанные из экологических материалов. Домашний любимец не в коем случае не должен грызть игрушки, чтобы попавшие в организм мелкие частицы не вызвали закупорку кишечника. Мягкие игрушки навряд ли долго смогут продержаться, хорек их просто разгрызает и распотрошит.</p><br><p> Эти <a href=""https://zoocomplex.com.ua/drugie-tovary/tovary-dlya-loshadej"" target=""_blank"">животные</a> очень любят трубы и тоннели, любят бегать внутри них, хорьки быстро устают от игрушек, поэтому частенько им нужно приобретать новые предметы для игр, в интернет магазинах для хорьков большое разнообразие игр.</p><br><p> А чтобы не потерять своего маленького друга прикрепите к нему небольшой бубенчик, который вы повесите на ошейник зверька и будете в курсе всех его перемещений по дому или квартире.</p><br>","Товары для хорьков купить недорого в Киеве, Днепре, Харькове","Товары для хорьков","Купить товары для хорьков в зоомагазине Zoocomplex по низкой цене. Все по уходу за питомцем. Звоните ☎ (067) 634-51-39, (050) 421-54-94. Доставка в Киев, Днепр, Одесса, Харьков, Львов.",tovary-dlya-horkov,https://zoocomplex.com.ua/image/catalog/category-1338.jpg
1339,0,"Средства для коррекции поведения животных","<p dir=""ltr"" style=""color: rgb(51, 51, 51); font-family: sans-serif, Arial, Verdana, ""Trebuchet MS""; font-size: 13px;""><span style=""background-color: rgb(252, 253, 253); color: rgb(34, 34, 34); font-family: verdana; font-size: 9pt;"">Кошка в доме это радость для всей семьи, особенно для детей. Пушистые питомцы прекрасно уживаются с людьми. Бытует мнение, что не человек приручил кошку, а она приручила человека. Хорошо, если животное имеет возможность каждый день погулять на улице, поцарапать пеньки, сходить в туалет, полазить по деревьям, половить мышей и просто полежать на солнышке. Другое дело, когда они живут в многоэтажном доме и на улице бывают изредка. В этом случае домашнего питомца следует научить правилам пользования лотком, когтеточкой и другим азам кошачьей жизни в доме, иначе рваных обоев, тюлей, «луж» в тапках и неожиданных «сюрпризов» в углах комнаты не избежать. Если все «человеческие» методы воспитания испробованы и не принесли успеха, то специалисты советуют использовать средства для коррекции поведения животных.</span></p><p style=""color: rgb(51, 51, 51); font-family: sans-serif, Arial, Verdana, ""Trebuchet MS""; font-size: 13px;""><br></p><h2 dir=""ltr"" style=""line-height: 1.2em; color: rgb(51, 51, 51); font-family: sans-serif, Arial, Verdana, ""Trebuchet MS"";""><span style=""font-size: 18px;""><span style=""background-color: rgb(252, 253, 253); color: rgb(34, 34, 34); font-family: verdana;"">Действие препаратов</span></span></h2><p style=""color: rgb(51, 51, 51); font-family: sans-serif, Arial, Verdana, ""Trebuchet MS""; font-size: 13px;""><br></p><p dir=""ltr"" style=""color: rgb(51, 51, 51); font-family: sans-serif, Arial, Verdana, ""Trebuchet MS""; font-size: 13px;""><span style=""background-color: rgb(252, 253, 253); color: rgb(34, 34, 34); font-family: verdana; font-size: 9pt;"">На здоровье домашних любимцев данные средства никак не влияют, зато быстро приучают к порядку в доме. Действие препаратов основано на врожденных инстинктах мурлык: средства привлекают или отпугивают своими запахами. К примеру, если ваша полосатая упрямица не хочет пользоваться новой когтеточкой или лотком, то проблему решит экстракт мяты.</span></p><p dir=""ltr"" style=""color: rgb(51, 51, 51); font-family: sans-serif, Arial, Verdana, ""Trebuchet MS""; font-size: 13px;""><span style=""background-color: rgb(252, 253, 253); color: rgb(34, 34, 34); font-family: verdana; font-size: 9pt;"">«Вкусный» запах привлечет пушистого жильца, и обновка будет использована по назначению. Такая же методика используется при запрете царапать диваны, обои или посещать некоторые помещения. Места обрабатывают защитным спреем, запах которого отпугивает четверолапых. Многие сомневаются, зачем нужны и нужны ли средства для коррекции поведения кошек, ведь можно физическими наказаниями отучить животное гадить в неположенном месте. Но такая методика только напугает кошку, и она будет продолжать гадить, только в более укромном месте.</span></p><p style=""color: rgb(51, 51, 51); font-family: sans-serif, Arial, Verdana, ""Trebuchet MS""; font-size: 13px;""><br></p><h2 dir=""ltr"" style=""line-height: 1.2em; color: rgb(51, 51, 51); font-family: sans-serif, Arial, Verdana, ""Trebuchet MS"";""><span style=""font-size: 18px;""><span style=""background-color: rgb(252, 253, 253); color: rgb(34, 34, 34); font-family: verdana;"">Виды препаратов</span></span></h2><p style=""color: rgb(51, 51, 51); font-family: sans-serif, Arial, Verdana, ""Trebuchet MS""; font-size: 13px;""><br></p><p dir=""ltr"" style=""color: rgb(51, 51, 51); font-family: sans-serif, Arial, Verdana, ""Trebuchet MS""; font-size: 13px;""><span style=""background-color: rgb(252, 253, 253); color: rgb(34, 34, 34); font-family: verdana; font-size: 9pt;"">Современный рынок предлагает тысячи средств для коррекции поведения усатых полосатых. Если затрудняетесь с выбором, то следует проконсультироваться с ветеринаром, объяснив имеющуюся проблему. На рынке множество различных средств, но одни из лучших это препараты ТМ AnimAll:</span></p><ul style=""padding: 0px 40px; color: rgb(51, 51, 51); font-size: 13px;""><li dir=""ltr"" style=""""><p dir=""ltr"" style=""""><span style=""font-size: 9pt; font-family: Verdana;"">спрей «Защита от царапанья» отучает царапать мебель. Средство имеет неприятный отталкивающий для животного и терпимый для человека запах. Спрей не портит мебели, обоев, ткани, у домашних питомцев на него отсутствуют аллергические реакции;</span></p></li><li dir=""ltr"" style=""""><p dir=""ltr""><span style=""font-size: 9pt; font-family: Verdana;"">спрей бренда AnimAll «Приучение к туалету» отучает пушистых жильцов «ходить» по нужде в хозяйские тапки. У них вырабатывается стойкий рефлекс справлять нужду там, где положено. Спрей применим дома и на улице. Он безопасен, в его составе отсутствует аммиак. Средство содержит масла апельсина, которые отпугивают, вызывают чувство жжения и заставляют кошачье племя избегать определенных мест;</span></p></li><li dir=""ltr"" style=""""><p dir=""ltr"" style=""""><span style=""font-size: 9pt; font-family: Verdana;"">спрей AnimAll для защиты мест не предназначенных для туалета. Средство применяют длительное время, не боясь побочных эффектов.</span></p></li></ul><p dir=""ltr"" style=""color: rgb(51, 51, 51); font-family: sans-serif, Arial, Verdana, ""Trebuchet MS""; font-size: 13px;""><span style=""background-color: rgb(252, 253, 253); color: rgb(34, 34, 34); font-family: verdana; font-size: 9pt;"">Запрещается использовать для кошачьего «воспитания» распылитель с водой. Брызгая кошке в морду холодной водой, ее можно только напугать, но не отучить гадить и царапать. Она будет продолжать это делать, но в отсутствие хозяев, так как такой метод, по «мнению» животного, запрещает делать плохие дела в только присутствии хозяев. Купить </span><span style=""background-color: rgb(252, 253, 253); color: rgb(34, 34, 34); font-family: verdana; font-size: 12px;"">средства для коррекции поведения кошек и собак, а также другие зоотовары можно в интернет-магазине - </span><a href=""https://zoocomplex.com.ua"" target=""_blank"">ZOOcomplex</a><span style=""background-color: rgb(252, 253, 253); color: rgb(34, 34, 34); font-family: verdana; font-size: 12px;"">.</span></p>","Средства для коррекции поведения кошек и собак купить в Киеве, Днепре, Харькове","Средства для коррекции поведения животных","Средства для коррекции поведения животных (кошек и собак) купить по доступной цене в зоомагазине - ZOOcomplex. Доставка по всей Украине.",sredstva-dlya-korrekcii-povedeniya-zhivotnyh,https://zoocomplex.com.ua/image/catalog/category-1339.jpg
1349,1234,"Препараты для защиты и лечения рептилий",<p><br></p>,"Препараты для защиты и лечения рептилий купить в Киеве, Днепре, Харькове","Препараты для защиты и лечения рептилий","Купить Препараты для защиты и лечения рептилий в интернет-магазине Zoocomplex по низкой цене. Звоните ☎ (067) 634-51-39, (050) 421-54-94. Доставка в Киев, Днепр, Одесса, Харьков, Львов.",preparaty-dlya-zashity-i-lecheniya-reptilij-1,https://zoocomplex.com.ua/image/catalog/category-1349.jpg
1352,1234,"Обогреватели для террариума",<p><br></p>,"Обогреватели для террариума купить в Киеве, Днепре, Харькове","Обогреватели для террариума","Купить Обогреватели для террариума в интернет-магазине Zoocomplex по низкой цене. Звоните ☎ (067) 634-51-39, (050) 421-54-94. Доставка в Киев, Днепр, Одесса, Харьков, Львов.",obogrevateli-dlya-terrariuma-1,https://zoocomplex.com.ua/image/catalog/category-1352.jpg
1353,1234,"Грунт для террариума",<p><br></p>,"Грунт для террариума купить в Киеве, Днепре, Харькове","Грунт для террариума","Купить Грунт для террариума в интернет-магазине Zoocomplex по низкой цене. Звоните ☎ (067) 634-51-39, (050) 421-54-94. Доставка в Киев, Днепр, Одесса, Харьков, Львов.",grunt-dlya-terrariuma,https://zoocomplex.com.ua/image/catalog/category-1353.jpg
1354,0,"Товары для пруда","<p>Многие владельцы загородных домов и дачных участков предпочитают украшать свою территорию не только декоративными растениями и цветами, но еще и делают там пруды. Кто-то использует данные резервуары просто как декоративный элемент, а кто-то занимается разведением рыбы. Это и интересно, и полезно, ведь рыба из собственного водоема – это как овощи со своей грядки. Итак, как же сделать его своими руками и где можно приобрести все для пруда?</p><h2>С чего начать</h2><p>Для начала необходимо определиться с местом, где расположится будущий водоем. Это может быть возвышенность или наоборот небольшая впадина. Желательно, чтобы рядом не росли кустарники и деревья, листва с которых будет падать в воду и гнить. Также это место должно быть защищено от солнца, чтобы прямые лучи попадали на водоем не более 7 часов в сутки. Можно затенить его искусственно, но и допускать полного отсутствия освещения тоже нельзя.</p><h2>Разновидности</h2><p>Далее важно понять, к какой разновидности будет относиться пруд. Классифицируются разновидности по нескольким признакам:</p><ol><li>По тому, каким будет предназначение водоема:</li></ol><ul><li>для нереста;</li><li>для выроста;</li><li>для зимовки рыб;</li><li>или их нагула.</li></ul><ol start=""2""><li>По тому, как будет осуществляться водоснабжение:</li></ol><ul><li>природным ключом;</li><li>природным ручьем;</li><li>грунтовыми или дождевыми водами.</li></ul><ol start=""3""><li>По тому, каким будет дно:</li></ol><ul><li>искусственным;</li><li>естественным.</li></ul><p>Не менее важен и правильный расчет площади, чтобы всем обитателям было вполне комфортно, и чтобы при этом не возникло переселение. Иначе придется закупать больше <a href=""https://zoocomplex.com.ua/kombikorma-dlya-zhivotnyh/"" target=""_blank"">корма</a> для прудовых рыб, что повлечет за собой большой выброс продуктов жизнедеятельности, а за этим загрязнение и цветение воды.</p><p>Чтобы природные процессы шли правильно и рыбки чувствовали себя хорошо, необходимо закупить оборудование для пруда. В водоеме обязательно должны быть фильтры для очищения его от мусора и грязи. Для этой же цели как альтернативу можно приобрести насосы для пруда, которые также будут очищать воду путем перекачивания. Также важно установить аэратор, который будет снабжать водоем кислородом и поддерживать биологический баланс.</p><p>Помимо вышеперечисленного можно по желанию купить и другие товары для пруда. К примеру, многие любят украшать свои водоёмы декоративными <a href=""https://zoocomplex.com.ua/tovary-dlya-ryb/akvariumnye-rasteniya/"">искусственными цветами</a> или запускать туда резиновых уточек. Также можно высадить и натуральные растения, но им, как и рыбкам, нужен будет тщательный уход.</p>","Все для пруда. Купить товары для прудов в Киеве, Днепре, Одессе","Товары для пруда","Купить все для пруда в интернет-магазине Zoocomplex по доступной цене. Звоните ☎ (067) 634-51-39, (050) 421-54-94. Доставка по всей Украине",tovary-dlya-prudov,https://zoocomplex.com.ua/image/
1355,1354,"Корм для прудовых рыб",,"Корм для прудовых рыб купить по доступной цене в Киеве, Днепре, Харькове, по Украине","Корм для прудовых рыб","Купить Корм для прудовых рыб в интернет-магазине Zoocomplex по низкой цене. Звоните ☎ (067) 634-51-39, (050) 421-54-94. Доставка в Киев, Днепр, Одесса, Харьков, Львов.",korm-dlya-prudovyh-ryb,https://zoocomplex.com.ua/image/catalog/category-1355.jpg
1357,1354,"Декорации для пруда",,"Декорации для пруда купить по доступной цене в Киеве, Днепре, Харькове, по Украине","Декорации для пруда","Купить Декорации для пруда в интернет-магазине Zoocomplex по низкой цене. Звоните ☎ (067) 634-51-39, (050) 421-54-94. Доставка в Киев, Днепр, Одесса, Харьков, Львов.",dekoracii-dlya-pruda,https://zoocomplex.com.ua/image/catalog/category-1357.jpg
1358,1354,"Компрессоры для пруда",,"Компрессоры для пруда купить по доступной цене в Киеве, Днепре, Харькове, по Украине","Компрессоры для пруда","Купить компрессоры для пруда в интернет-магазине Zoocomplex по низкой цене. Звоните ☎ (067) 634-51-39, (050) 421-54-94. Доставка в Киев, Днепр, Одесса, Харьков, Львов.",kompressory-dlya-prudov,https://zoocomplex.com.ua/image/catalog/category-1358.jpg
1359,1354,"Нагреватели для пруда",,"Нагреватели для пруда купить по доступной цене в Киеве, Днепре, Харькове, по Украине","Нагреватели для пруда","Купить Нагреватели для пруда в интернет-магазине Zoocomplex по низкой цене. Звоните ☎ (067) 634-51-39, (050) 421-54-94. Доставка в Киев, Днепр, Одесса, Харьков, Львов.",nagrevateli-dlya-pruda,https://zoocomplex.com.ua/image/catalog/category-1359.jpg
1360,1354,"Стерилизаторы для пруда",,"Стерилизаторы для пруда купить по доступной цене в Киеве, Днепре, Харькове, по Украине","Стерилизаторы для пруда","Купить Стерилизаторы для пруда в интернет-магазине Zoocomplex по низкой цене. Звоните ☎ (067) 634-51-39, (050) 421-54-94. Доставка в Киев, Днепр, Одесса, Харьков, Львов.",sterilizatory-dlya-pruda,https://zoocomplex.com.ua/image/catalog/category-1360.jpg
1377,1354,"Лампы для прудовых стерилизаторов",,"Лампы для прудовых стерилизаторов купить в Киеве, Днепре, Харькове","Лампы для прудовых стерилизаторов","Купить Лампы для прудовых стерилизаторов в интернет-магазине Zoocomplex по низкой цене. Звоните ☎ (067) 634-51-39, (050) 421-54-94. Доставка в Киев, Днепр, Одесса, Харьков, Львов.",lampy-dlya-prudovyh-sterilizatorov,https://zoocomplex.com.ua/image/catalog/category-1377.jpg
1378,1185,"Корм для раков и креветок",,"Корм для раков и креветок купить в Киеве, Днепре, Харькове","Корм для раков и креветок","Купить Корм для раков и креветок в интернет-магазине Zoocomplex по низкой цене. Звоните ☎ (067) 634-51-39, (050) 421-54-94. Доставка в Киев, Днепр, Одесса, Харьков, Львов.",korm-dlya-rakov-i-krevetok,https://zoocomplex.com.ua/image/catalog/квевет.jpg
1379,1354,"Уход за водой в пруду",,"Средства по уходу за водой в пруду купить в Киеве, Днепре, Харькове","Уход за водой в пруду","Купить средства по уходу ха водой в пруду в интернет-магазине Zoocomplex по низкой цене. Звоните ☎ (067) 634-51-39, (050) 421-54-94. Доставка в Киев, Днепр, Одесса, Харьков, Львов.",uhod-za-vodoj-v-prudu,https://zoocomplex.com.ua/image/catalog/category-1379.jpg
1380,1354,"Аксессуары для пруда",,"Аксессуары для пруда купить по доступной цене в Киеве, Днепре, Харькове, по Украине","Аксессуары для пруда","Купить Аксессуары для пруда в интернет-магазине Zoocomplex по низкой цене. Звоните ☎ (067) 634-51-39, (050) 421-54-94. Доставка в Киев, Днепр, Одесса, Харьков, Львов.",aksessuary-dlya-pruda,https://zoocomplex.com.ua/image/catalog/category-1380.jpg
1381,1354,"Фильтры для пруда",,"Фильтры для пруда купить по доступной цене в Киеве, Днепре, Харькове, по Украине","Фильтры для пруда","Купить Фильтры для пруда в интернет-магазине Zoocomplex по низкой цене. Звоните ☎ (067) 634-51-39, (050) 421-54-94. Доставка в Киев, Днепр, Одесса, Харьков, Львов.",filtry-dlya-pruda,https://zoocomplex.com.ua/image/catalog/category-1381.jpg
1382,1354,"Помпы и насосы для фонтанов и прудов",,"Насосы для фонтанов и прудов купить в Киеве, Днепре, Харькове","Помпы и насосы для фонтанов и прудов","Купить Помпы и насосы для фонтанов и прудов в интернет-магазине Zoocomplex по низкой цене. Звоните ☎ (067) 634-51-39, (050) 421-54-94. Доставка в Киев, Днепр, Одесса, Харьков, Львов.",pompy-i-nasosy-dlya-fontanov-i-prudov,https://zoocomplex.com.ua/image/catalog/category-1382.jpg
1383,1354,"Наполнители для прудовых фильтров",,"Наполнители для прудовых фильтров купить в Киеве, Днепре, Харькове","Наполнители для прудовых фильтров","Купить наполнители для прудовых фильтров в интернет-магазине Zoocomplex по низкой цене. Звоните ☎ (067) 634-51-39, (050) 421-54-94. Доставка в Киев, Днепр, Одесса, Харьков, Львов.",napolniteli-dlya-prudovyh-filtrov,https://zoocomplex.com.ua/image/catalog/category-1383.jpg
1389,1234,"Аксессуары для террариума",,"Аксессуары для террариума купить в Киеве, Днепре, Харькове","Аксессуары для террариума","Купить Аксессуары для террариума в интернет-магазине Zoocomplex по низкой цене. Звоните ☎ (067) 634-51-39, (050) 421-54-94. Доставка в Киев, Днепр, Одесса, Харьков, Львов.",aksessuary-dlya-terrariuma,https://zoocomplex.com.ua/image/
1390,1185,"Ультрафиолетовые стерилизаторы для аквариумов","<h2>Лампы для ультрафиолетовых стерилизаторов</h2><p>Ультрафиолетовый стерилизатор сегодня является крайне эффективным оборудованием, применяемым многими аквариумистами для борьбы с вредными, обитающими в толще воды, бактериями, грибками и вирусами. Защита от этих вредителей довольно важна, ведь они могут превратить аквариумистику их замечательного хобби в кошмар. Воду важно стерилизовать перед размножением рыбы, чтобы бактерии не испортили икру.</p><p>При долгом использовании ультрафиолетового стерилизатора может понадобиться замена лампы. Будьте внимательны, выбирая мощность стерилизатора и лампы для него, ведь разный объем воды будет очищаться в течении разного периода времени, что зависит от протока воды.</p><h2>Аквариумные ультрафиолетовые стерилизаторы</h2><p>Ультрафиолетовый стерилизатор – это аквариумное оборудование для профессионалов, но и новичкам стоит знать о его назначении. Данное <a href=""https://zoocomplex.com.ua/tovary-dlya-ryb/preparaty-dlya-kontrolya-vody-lecheniya-udobreniya"" target=""_blank"" rel=""noopener"">оборудование</a> облучает воду ультрафиолетовым светом, что убивает бактерии. Это необходимо для защиты рыбок от возбудителей различных инфекций. При использовании этих устройств не стоит забывать о защитном коробе на лампе так, как чистый ультрафиолетовый свет смертелен для живых организмов.</p><p>Благодаря аквариумным ультрафиолетовым стерилизаторам, вода значительно дольше сохраняет свою пригодность и остается чистой. Сегодня ультрафиолетовый свет помогает каждому опытному аквариумисту.</p><h2>Прудовые ультрафиолетовые стерилизаторы</h2><p>Ультрафиолетовый стерилизатора для пруда важен не менее, чем насос, или фильтр. Прудовой ультрафиолетовый стерилизатор пропускает воду через ультрафиолетовый свет, уничтожающий вредные микроорганизмы. Использование этого устройства необходимо для обеззараживания воды и очищения пруда. Стерилизация воды в прудах намного важнее, нежели в аквариумах потому, пруд находится на открытом воздухе и вредителей в воде больше..</p><p></p><p>Использование ультрафиолетовых стерилизаторов намного эффективней, чем других средств и сохраняет воду чистой долгое время. Сегодня ультрафиолет помогает каждому прудоводу.</p>","Ультрафиолетовые стерилизаторы для аквариумов купить в Киеве, Днепре, Харькове","Ультрафиолетовые стерилизаторы для аквариумов","Купить ультрафиолетовые стерилизаторы для аквариума в зоомагазине ZOOcomplex. Фото описание характеристики цена отзывы. Звоните ☎ (067) 634-51-39, (050) 421-54-94. Доставка в Киев, Днепр, Харьков",ultrafioletovye-sterilizatory,https://zoocomplex.com.ua/image/catalog/стерилизаторы.jpg
1391,1453,"Аксессуары для груминга животных",,"Аксессуары для груминга животных купить в Киеве, Днепре, Харькове","Аксессуары для груминга животных","Купить Аксессуары для груминга животных в зоомагазине ZOOcomplex. Фото описание характеристики цена отзывы. Звоните ☎ (067) 634-51-39, (050) 421-54-94. Доставка в Киев, Днепр, Харьков",aksessuary-dlia-zhivotnykh,https://zoocomplex.com.ua/image/catalog/aks-dlya-gruminga.png
1393,1453,"Ножи для машинок для стрижки животных",,"Ножи для машинок для стрижки животных купить в Киеве, Днепре, Харькове","Ножи для машинок для стрижки животных","Купить Ножи для машинок для стрижки животных в зоомагазине ZOOcomplex. Фото описание характеристики цена отзывы. Звоните ☎ (067) 634-51-39, (050) 421-54-94. Доставка в Киев, Днепр, Харьков",nozhi-dlya-mashinok,https://zoocomplex.com.ua/image/catalog/lezviya-dlya-mashinok-dlya-groominga.png
1394,1453,"Косметика для животных","<p>Мы в ответе за братьев наших меньших. А значит и за их красивый внешний вид тоже. Чистая блестящая шерсть, здоровая кожа, аккуратные коготки на лапах – все это требует ухода с помощью специальной косметикой по уходу за кошками и собаками, и конечно труда и времени любящих хозяев.</p><h2>Грамотный уход – это победа!</h2><p>Известно, что слишком частое купание животным противопоказано, так как в результате шерсть становится тусклой, пересушенной и быстро загрязняется. Тем не менее, есть выход, современная профессиональная косметика для кошек и собак создана с таким условием, чтобы удалять загрязнения любой сложности. В результате животное радует своих хозяев не только чистой, но и совершенно здоровой шерстью, не пересушенной регулярным мытьем.</p><p>Именно по этому, стоит обзавестись качественной, специальной косметикой для животных, которая содержит исключительный набор питательных веществ и имеет уникальный состав . С их помощью, вы легко и быстро сможете расчесать спутанные участки, мягко очистить шерсть (как от грязи, так и от не приятных запахов), увлажнить кожу и конечно предотвратить образование колтунов.</p><p>С таким уходом ваш питомец будет чувствовать себя уверенно.</p><h2>Какая бывает косметика для животных</h2><p>В нашем магазине, вы можете ознакомиться с большим ассортиментом и купить высококачественную косметику для животных от мировых марок. В продаже имеется:</p><ul><li>Специальные шампуни и кондиционеры.</li><li>Средства для гигиены животных (зубные пасты, щетки, салфетки для чистки ушей, и т.д ).</li><li>Парфюмерия для животных (одеколон и парфюм ).</li><li>Средства по уходу за животными (цветной крем, спрей-масло, спрей от колтунов, антистатик, и даже лак и т.д.).</li></ul><p></p><p>Профессиональная мойка для животных. В одном комплекте собрано все необходимое, чтобы даже самый грязный пес мог стать неотразимым всего за 3 минуты. Ваши любимые питомцы всегда будут выглядеть красивыми и ухоженными с зоомагазином <a href=""https://zoocomplex.com.ua/"" target=""_blank"">ZOOcomplex</a>, так как мы работаем с надежными марками, которые на рынке уже много лет. Мы любим ваших домашних животных и наших клиентов.</p>","Косметика для животных купить в Киеве, Днепре, Харькове","Косметика для животных","Купить Косметика для животных в зоомагазине ZOOcomplex. Фото описание характеристики цена отзывы. Звоните ☎ (067) 634-51-39, (050) 421-54-94. Доставка в Киев, Днепр, Харьков",kosmetika-dlia-zhivotnykh,https://zoocomplex.com.ua/image/catalog/kosmetika-dlya-gruminga.png
1395,1453,"Фены для груминга",,"Фены для груминга купить в Киеве, Днепре, Харькове","Фены для груминга","Купить Фены для груминга в зоомагазине ZOOcomplex. Фото описание характеристики цена отзывы. Звоните ☎ (067) 634-51-39, (050) 421-54-94. Доставка в Киев, Днепр, Харьков",feny-dlia-grumminga,https://zoocomplex.com.ua/image/catalog/fen-dlya-groominga.png
1396,1453,"Ножницы для груминга",,"Ножницы для груминга купить в Киеве, Днепре, Харькове","Ножницы для груминга","Купить Ножницы для груминга в зоомагазине ZOOcomplex. Фото описание характеристики цена отзывы. Звоните ☎ (067) 634-51-39, (050) 421-54-94. Доставка в Киев, Днепр, Харьков",nozhnitcy-dlia-grumminga,https://zoocomplex.com.ua/image/catalog/nozhnicy-dlya-groominga.png
1397,1453,"Косметика Iv San Bernard",,"Косметика Iv San Bernard купить в Киеве, Днепре, Харькове","Косметика Iv San Bernard","Купить Косметика Iv San Bernard в зоомагазине ZOOcomplex. Фото описание характеристики цена отзывы. Звоните ☎ (067) 634-51-39, (050) 421-54-94. Доставка в Киев, Днепр, Харьков",kosmetika-Iv-san-Bernard,https://zoocomplex.com.ua/image/catalog/kosmetika-iv-san-dlya-gruminga.png
1398,1453,"Креативный груминг",,"Креативный груминг купить в Киеве, Днепре, Харькове","Креативный груминг","Купить Креативный груминг в зоомагазине ZOOcomplex. Фото описание характеристики цена отзывы. Звоните ☎ (067) 634-51-39, (050) 421-54-94. Доставка в Киев, Днепр, Харьков",kreativnyi-grumming,https://zoocomplex.com.ua/image/catalog/kreativnuy-grooming.png
1399,1453,"Оборудование для груминга",,"Оборудование для груминга купить в Киеве, Днепре, Харькове","Оборудование для груминга","Купить Оборудование для груминга в зоомагазине ZOOcomplex. Фото описание характеристики цена отзывы. Звоните ☎ (067) 634-51-39, (050) 421-54-94. Доставка в Киев, Днепр, Харьков",oborudovanie-dlia-grumminga,https://zoocomplex.com.ua/image/catalog/oborudovanie-dlya-groominga.png
1400,1391,"Щетки для животных",,"Щетки для животных купить в Киеве, Днепре, Харькове","Щетки для животных","Купить Щетки в зоомагазине ZOOcomplex. Фото описание характеристики цена отзывы. Звоните ☎ (067) 634-51-39, (050) 421-54-94. Доставка в Киев, Днепр, Харьков",shchetki,https://zoocomplex.com.ua/image/catalog/shchetki.jpg
1401,1391,"Маникюрный инструмент для животных",,"Маникюрный инструмент для животных купить в Киеве, Днепре, Харькове","Маникюрный инструмент для животных","Купить Маникюрный инструмент для животных в зоомагазине ZOOcomplex. Фото описание характеристики цена отзывы. Звоните ☎ (067) 634-51-39, (050) 421-54-94. Доставка в Киев, Днепр, Харьков",manikiurnyi-instrument,https://zoocomplex.com.ua/image/catalog/manikiurnyi-instrument.jpg
1402,1391,"Пуходерки - сликеры",,"Пуходерки - сликеры купить в Киеве, Днепре, Харькове","Пуходерки - сликеры","Купить Пуходерки - сликеры в зоомагазине ZOOcomplex. Фото описание характеристики цена отзывы. Звоните ☎ (067) 634-51-39, (050) 421-54-94. Доставка в Киев, Днепр, Харьков",puhoderki-slikery,https://zoocomplex.com.ua/image/catalog/puhoderki-slikery.jpg
1403,1391,"Расчески для животных",,"Расчески для животных купить в Киеве, Днепре, Харькове","Расчески для животных","Купить Расчески для животных в зоомагазине ZOOcomplex. Фото описание характеристики цена отзывы. Звоните ☎ (067) 634-51-39, (050) 421-54-94. Доставка в Киев, Днепр, Харьков",rascheski,https://zoocomplex.com.ua/image/catalog/rascheski.jpg
1404,1391,"Рейки колтунорезы",,"Рейки колтунорезы купить в Киеве, Днепре, Харькове","Рейки колтунорезы","Купить Рейки колтунорезы в зоомагазине ZOOcomplex. Фото описание характеристики цена отзывы. Звоните ☎ (067) 634-51-39, (050) 421-54-94. Доставка в Киев, Днепр, Харьков",reiki-koltunorezy,https://zoocomplex.com.ua/image/catalog/reiki-koltunorezy.jpg
1405,1391,"Резинки и бумага для папильоток",,"Резинки и бумага для папильоток купить в Киеве, Днепре, Харькове","Резинки и бумага для папильоток","Купить Резинки и бумага для папильоток в зоомагазине ZOOcomplex. Фото описание характеристики цена отзывы. Звоните ☎ (067) 634-51-39, (050) 421-54-94. Доставка в Киев, Днепр, Харьков",rezinki-i-bumaga-dlia-papilotok,https://zoocomplex.com.ua/image/catalog/rezinki-i-bumaga-dlia-papilotok.jpg
1406,1391,"Одежда и аксессуары для грумеров",,"Одежда и аксессуары для грумеров купить в Киеве, Днепре, Харькове","Одежда и аксессуары для грумеров","Купить Одежда и аксессуары для грумеров в зоомагазине ZOOcomplex. Фото описание характеристики цена отзывы. Звоните ☎ (067) 634-51-39, (050) 421-54-94. Доставка в Киев, Днепр, Харьков",odezhda-i-aksessuary-dlia-grumerov,https://zoocomplex.com.ua/image/catalog/odezhda-i-aksessuary-dlia-grumerov.jpg
1407,1391,"Ножи для тримминга",,"Ножи для тримминга купить в Киеве, Днепре, Харькове","Ножи для тримминга","Купить Ножи для тримминга в зоомагазине ZOOcomplex. Фото описание характеристики цена отзывы. Звоните ☎ (067) 634-51-39, (050) 421-54-94. Доставка в Киев, Днепр, Харьков",nozhi-dlia-trimminga,https://zoocomplex.com.ua/image/catalog/nozhi-dlia-trimminga.jpg
1408,1391,"Аксессуары для тримминга",,"Аксессуары для тримминга купить в Киеве, Днепре, Харькове","Аксессуары для тримминга","Купить Аксессуары для тримминга в зоомагазине ZOOcomplex. Фото описание характеристики цена отзывы. Звоните ☎ (067) 634-51-39, (050) 421-54-94. Доставка в Киев, Днепр, Харьков",aksessuary-dlia-trimminga,https://zoocomplex.com.ua/image/catalog/aksessuary-dlia-trimminga.jpg
1409,1391,"Петли - удавки для груминг стола",,"Петли - удавки для груминг стола купить в Киеве, Днепре, Харькове","Петли - удавки для груминг стола","Купить Петли - удавки для груминг стола в зоомагазине ZOOcomplex. Фото описание характеристики цена отзывы. Звоните ☎ (067) 634-51-39, (050) 421-54-94. Доставка в Киев, Днепр, Харьков",petli-udavki-dlia-gruming-stola,https://zoocomplex.com.ua/image/catalog/petli-udavki-dlia-gruming-stola.jpg
1410,1391,"Пудры, мелки для груминга",,"Пудры, мелки для груминга купить в Киеве, Днепре, Харькове","Пудры, мелки для груминга","Купить Пудры, мелки для груминга в зоомагазине ZOOcomplex. Фото описание характеристики цена отзывы. Звоните ☎ (067) 634-51-39, (050) 421-54-94. Доставка в Киев, Днепр, Харьков",pudry-melki,https://zoocomplex.com.ua/image/catalog/pudry-melki.jpg
1411,1391,Фурминаторы,,"Фурминаторы купить в Киеве, Днепре, Харькове",Фурминаторы,"Купить Фурминаторы в зоомагазине ZOOcomplex. Фото описание характеристики цена отзывы. Звоните ☎ (067) 634-51-39, (050) 421-54-94. Доставка в Киев, Днепр, Харьков",furminatory,https://zoocomplex.com.ua/image/catalog/furminatory.jpg
1412,1391,"Учебные материалы по грумингу",,"Учебные материалы по грумингу купить в Киеве, Днепре, Харькове","Учебные материалы по грумингу","Купить Учебные материалы по грумингу в зоомагазине ZOOcomplex. Фото описание характеристики цена отзывы. Звоните ☎ (067) 634-51-39, (050) 421-54-94. Доставка в Киев, Днепр, Харьков",uchebnye-materialy,https://zoocomplex.com.ua/image/catalog/uchebnye-materialy.jpg
1413,1453,"Машинки для груминга","<p style=""text-align: justify;"">Современный мир сложно представить без братьев наших меньших, которые являются такими же модниками, как и их хозяева. Шерсть собак и котов требуют повседневного ухода и регулярной стрижки, так называемой груминг. Особенно в летнее время, когда очень жарко. Или животное, которые участвует в выставках. Так что, в любой из ситуаций появляется потребность в приобретении триммера и машинки для груминга.</p><h2>Машинки для стрижки животных: что важно?</h2><p style=""text-align: justify;"">При выборе машинки для груминга стоит обратить внимание на специфику использования. Если Вы планируете профессионально заняться грумингом, то нужно взять во внимание что машинка для стрижки собак и котов будет работать безостановочно долгое время без перегрева, иметь высокую мощность, а также иметь комплект насадок и ножевых блоков. Можно рассмотреть более бюджетный вариант, в случае если вы решили попробовать свои силы в груминге для своих домашних питомцев.</p><p></p><p style=""text-align: justify;"">Конечно важно удобство в работе с машинкой. Одни идут проводные, требуют наличие сети, и ограничивают в движении. Другие беспроводные и работают на аккумуляторах. Также в выборе машинки имеет значение мощность, которая зависит от размера и типа шерсти животного.&nbsp;Сейчас, большой надежностью славятся мультискоростные машинки с роторным типом двигателя. Такие машинки являются универсальными для стрижки собак, кошек и даже лошадей. В то время, когда менее мощные вибрационные справляются еще и с густой жесткой шерстью. Магазин zoocomplex.com.ua&nbsp;предлагает клиентам широкий ассортимент надежных машинок для груминга животных известных производителей. Здесь вы найдете устройством любого уровня: как для <a href=""https://zoocomplex.com.ua/uslugi-gruminga/"" target=""_blank"">груминг-салонов</a>, так и для домашнего обихода. Будьте уверены в том, что в нашем магазине вы приобретете качественный товар, а ваш питомец всегда будет иметь ухоженный, здоровый и красивый вид.</p>","Машинки для груминга купить в Киеве, Днепре, Харькове","Машинки для груминга","Купить Машинки для груминга в зоомагазине ZOOcomplex. Фото описание характеристики цена отзывы. Звоните ☎ (067) 634-51-39, (050) 421-54-94. Доставка в Киев, Днепр, Харьков",mashinki-dlia-grumminga,https://zoocomplex.com.ua/image/catalog/mashinki-dlya-groominga.png
1415,1393,"Стандартные ножи для машинок для груминга",,"Стандартные ножи для машинок для груминга купить в Киеве, Днепре, Харькове","Стандартные ножи для машинок для груминга","Купить Стандартные ножи для машинок для груминга в зоомагазине ZOOcomplex. Фото описание характеристики цена отзывы. Звоните ☎ (067) 634-51-39, (050) 421-54-94. Доставка в Киев, Днепр, Харьков",nozhi-standartnye,https://zoocomplex.com.ua/image/catalog/nozhi-standartnye.jpg
1416,1393,"Ножи для триммеров",,"Ножи для триммеров купить в Киеве, Днепре, Харькове","Ножи для триммеров","Купить Ножи для триммеров в зоомагазине ZOOcomplex. Фото описание характеристики цена отзывы. Звоните ☎ (067) 634-51-39, (050) 421-54-94. Доставка в Киев, Днепр, Харьков",nozhi-dlia-trimmerov,https://zoocomplex.com.ua/image/catalog/nozhi-dlia-trimmera.jpg
1417,1393,"Ножи А5 для машинок для стрижки животных",,"Ножи А5 для машинок для стрижки животных купить в Киеве, Днепре, Харькове","Ножи А5 для машинок для стрижки животных","Купить Ножи А5 для машинок для стрижки животных в зоомагазине ZOOcomplex. Фото описание характеристики цена отзывы. Звоните ☎ (067) 634-51-39, (050) 421-54-94. Доставка в Киев, Днепр, Харьков",nozhi-a5,https://zoocomplex.com.ua/image/catalog/nozhi-a5.jpg
1419,1394,"Средства для гигиены животных",,"Средства для гигиены животных купить в Киеве, Днепре, Харькове","Средства для гигиены животных","Купить Средства для гигиены животных в зоомагазине ZOOcomplex. Фото описание характеристики цена отзывы. Звоните ☎ (067) 634-51-39, (050) 421-54-94. Доставка в Киев, Днепр, Харьков",sredstva-dlia-gigieny-zhivotnykh,https://zoocomplex.com.ua/image/catalog/sredstva-dlia-gigieny-zhivotnykh.jpg
1420,1394,"Средства для ухода за животными",,"Средства для ухода за животными купить в Киеве, Днепре, Харькове","Средства для ухода за животными","Купить Средства для ухода за животными в зоомагазине ZOOcomplex. Фото описание характеристики цена отзывы. Звоните ☎ (067) 634-51-39, (050) 421-54-94. Доставка в Киев, Днепр, Харьков",sredstva-dlia-uhoda-za-zhivotnymi,https://zoocomplex.com.ua/image/catalog/sredstva-dlia-uhoda-za-zhivotnymi.jpg
1421,1394,"Шампуни и кондиционеры для животных",,"Шампуни и кондиционеры для животных купить в Киеве, Днепре, Харькове","Шампуни и кондиционеры для животных","Купить Шампуни и кондиционеры для животных в зоомагазине ZOOcomplex. Фото описание характеристики цена отзывы. Звоните ☎ (067) 634-51-39, (050) 421-54-94. Доставка в Киев, Днепр, Харьков",shampuni-i-konditcionery-dlia-zhivotnykh,https://zoocomplex.com.ua/image/catalog/shampuni-i-konditcionery-dlia-zhivotnykh.jpg
1422,1394,"Парфюмерия для животных",,"Парфюмерия для животных купить в Киеве, Днепре, Харькове","Парфюмерия для животных","Купить Парфюмерия для животных в зоомагазине ZOOcomplex. Фото описание характеристики цена отзывы. Звоните ☎ (067) 634-51-39, (050) 421-54-94. Доставка в Киев, Днепр, Харьков",parfiumeriia-dlia-zhivotnykh,https://zoocomplex.com.ua/image/catalog/parfiumeriia-dlia-zhivotnykh.jpg
1423,1394,"Профессиональная мойка животных",,"Профессиональная мойка животных купить в Киеве, Днепре, Харькове","Профессиональная мойка животных","Купить Профессиональная мойка животных в зоомагазине ZOOcomplex. Фото описание характеристики цена отзывы. Звоните ☎ (067) 634-51-39, (050) 421-54-94. Доставка в Киев, Днепр, Харьков",professionalnaia-moika-zhivotnykh,https://zoocomplex.com.ua/image/catalog/professionalnaia-moika-zhivotnykh.jpg
1424,1395,"Стационарные фены для груминга",,"Стационарные фены для груминга купить в Киеве, Днепре, Харькове","Стационарные фены для груминга","Купить Стационарные фены для груминга в зоомагазине ZOOcomplex. Фото описание характеристики цена отзывы. Звоните ☎ (067) 634-51-39, (050) 421-54-94. Доставка в Киев, Днепр, Харьков",feny-statcionarnye,https://zoocomplex.com.ua/image/catalog/feny-statcionarnye.jpg
1425,1395,"Аксессуары для фенов для груминга",,"Аксессуары для фенов для груминга купить в Киеве, Днепре, Харькове","Аксессуары для фенов для груминга","Купить Аксессуары для фенов для груминга в зоомагазине ZOOcomplex. Фото описание характеристики цена отзывы. Звоните ☎ (067) 634-51-39, (050) 421-54-94. Доставка в Киев, Днепр, Харьков",aksessuary-dlia-fenov,https://zoocomplex.com.ua/image/catalog/aksessuary-dlia-fenov.jpg
1426,1395,"Классические фены для груминга",,"Классические фены для груминга купить в Киеве, Днепре, Харькове","Классические фены для груминга","Купить Классические фены для груминга в зоомагазине ZOOcomplex. Фото описание характеристики цена отзывы. Звоните ☎ (067) 634-51-39, (050) 421-54-94. Доставка в Киев, Днепр, Харьков",feny-classicheskie,https://zoocomplex.com.ua/image/catalog/feny-classicheskie.jpg
1427,1395,"Дорожные фены для груминга",,"Дорожные фены для груминга купить в Киеве, Днепре, Харькове","Дорожные фены для груминга","Купить Дорожные фены для груминга в зоомагазине ZOOcomplex. Фото описание характеристики цена отзывы. Звоните ☎ (067) 634-51-39, (050) 421-54-94. Доставка в Киев, Днепр, Харьков",feny-dorozhnye,https://zoocomplex.com.ua/image/catalog/feny-dorozhnye.jpg
1428,1396,"Футляры для ножниц",,"Футляры для ножниц купить в Киеве, Днепре, Харькове","Футляры для ножниц","Купить Футляры для ножниц в зоомагазине ZOOcomplex. Фото описание характеристики цена отзывы. Звоните ☎ (067) 634-51-39, (050) 421-54-94. Доставка в Киев, Днепр, Харьков",futliary-dlia-nozhnitc,https://zoocomplex.com.ua/image/catalog/futliary-dlia-nozhnitc.jpg
1429,1396,"Ножницы контуринговые для груминга",,"Ножницы контуринговые для груминга купить в Киеве, Днепре, Харькове","Ножницы контуринговые для груминга","Купить Ножницы контуринговые для груминга в зоомагазине ZOOcomplex. Фото описание характеристики цена отзывы. Звоните ☎ (067) 634-51-39, (050) 421-54-94. Доставка в Киев, Днепр, Харьков",nozhnitcy-konturingovye,https://zoocomplex.com.ua/image/catalog/nozhnitcy-konturingovye.jpg
1430,1396,"Рабочие ножницы для груминга",,"Рабочие ножницы для груминга купить в Киеве, Днепре, Харькове","Рабочие ножницы для груминга","Купить Рабочие ножницы для груминга в зоомагазине ZOOcomplex. Фото описание характеристики цена отзывы. Звоните ☎ (067) 634-51-39, (050) 421-54-94. Доставка в Киев, Днепр, Харьков",nozhnitcy-rabochie,https://zoocomplex.com.ua/image/catalog/nozhnitcy-rabochie.jpg
1431,1396,"Филировочные ножницы для груминга",,"Филировочные ножницы для груминга купить в Киеве, Днепре, Харькове","Филировочные ножницы для груминга","Купить Филировочные ножницы для груминга в зоомагазине ZOOcomplex. Фото описание характеристики цена отзывы. Звоните ☎ (067) 634-51-39, (050) 421-54-94. Доставка в Киев, Днепр, Харьков",nozhnitcy-filirovochnye,https://zoocomplex.com.ua/image/catalog/nozhnitcy-filirovochnye.jpg
1432,1396,"Средства для ухода за ножницами",,"Средства для ухода за ножницами купить в Киеве, Днепре, Харькове","Средства для ухода за ножницами","Купить Средства для ухода за ножницами в зоомагазине ZOOcomplex. Фото описание характеристики цена отзывы. Звоните ☎ (067) 634-51-39, (050) 421-54-94. Доставка в Киев, Днепр, Харьков",sredstva-dlia-uhoda-za-nozhnitcami,https://zoocomplex.com.ua/image/catalog/sredstva-dlia-uhoda-za-nozhnitcami.jpg
1433,1397,"Линия Passione Nera",,"Линия Passione Nera купить в Киеве, Днепре, Харькове","Линия Passione Nera","Купить Линия Passione Nera в зоомагазине ZOOcomplex. Фото описание характеристики цена отзывы. Звоните ☎ (067) 634-51-39, (050) 421-54-94. Доставка в Киев, Днепр, Харьков",leeniia-passione-nera,https://zoocomplex.com.ua/image/catalog/leeniia-passione-nera.jpg
1434,1397,"Линия Zeolithe",,"Линия Zeolithe купить в Киеве, Днепре, Харькове","Линия Zeolithe","Купить Линия Zeolithe в зоомагазине ZOOcomplex. Фото описание характеристики цена отзывы. Звоните ☎ (067) 634-51-39, (050) 421-54-94. Доставка в Киев, Днепр, Харьков",leeniia-zeolithe,https://zoocomplex.com.ua/image/catalog/leeniia-zeolithe.jpg
1435,1397,"Линия Parfums",,"Линия Parfums купить в Киеве, Днепре, Харькове","Линия Parfums","Купить Линия Parfums в зоомагазине ZOOcomplex. Фото описание характеристики цена отзывы. Звоните ☎ (067) 634-51-39, (050) 421-54-94. Доставка в Киев, Днепр, Харьков",leeniia-parfums,https://zoocomplex.com.ua/image/catalog/leeniia-parfums.jpg
1436,1397,"Линия Mineral Red",,"Линия Mineral Red купить в Киеве, Днепре, Харькове","Линия Mineral Red","Купить Линия Mineral Red в зоомагазине ZOOcomplex. Фото описание характеристики цена отзывы. Звоните ☎ (067) 634-51-39, (050) 421-54-94. Доставка в Киев, Днепр, Харьков",leeniia-mineral-red,https://zoocomplex.com.ua/image/catalog/leeniia-mineral-red.jpg
1437,1397,"Линия Traditional Plus",,"Линия Traditional Plus купить в Киеве, Днепре, Харькове","Линия Traditional Plus","Купить Линия Traditional Plus в зоомагазине ZOOcomplex. Фото описание характеристики цена отзывы. Звоните ☎ (067) 634-51-39, (050) 421-54-94. Доставка в Киев, Днепр, Харьков",leeniia-traditional-plus,https://zoocomplex.com.ua/image/catalog/leeniia-traditional-plus.jpg
1438,1397,"Линия Traditional",,"Линия Traditional купить в Киеве, Днепре, Харькове","Линия Traditional","Купить Линия Traditional в зоомагазине ZOOcomplex. Фото описание характеристики цена отзывы. Звоните ☎ (067) 634-51-39, (050) 421-54-94. Доставка в Киев, Днепр, Харьков",leeniia-traditional,https://zoocomplex.com.ua/image/catalog/leeniia-traditional.jpg
1439,1397,"Линия Caviar",,"Линия Caviar купить в Киеве, Днепре, Харькове","Линия Caviar","Купить Линия Caviar в зоомагазине ZOOcomplex. Фото описание характеристики цена отзывы. Звоните ☎ (067) 634-51-39, (050) 421-54-94. Доставка в Киев, Днепр, Харьков",leeniia-caviar,https://zoocomplex.com.ua/image/catalog/leeniia-caviar.jpg
1440,1397,"Линия Atami",,"Линия Atami купить в Киеве, Днепре, Харькове","Линия Atami","Купить Линия Atami в зоомагазине ZOOcomplex. Фото описание характеристики цена отзывы. Звоните ☎ (067) 634-51-39, (050) 421-54-94. Доставка в Киев, Днепр, Харьков",leeniia-atami,https://zoocomplex.com.ua/image/catalog/leeniia-atami.jpg
1441,1397,"Линия Technique",,"Линия Technique купить в Киеве, Днепре, Харькове","Линия Technique","Купить Линия Technique в зоомагазине ZOOcomplex. Фото описание характеристики цена отзывы. Звоните ☎ (067) 634-51-39, (050) 421-54-94. Доставка в Киев, Днепр, Харьков",leeniia-technique,https://zoocomplex.com.ua/image/catalog/leeniia-technique.jpg
1442,1397,"Линия Mineral Complex",,"Линия Mineral Complex купить в Киеве, Днепре, Харькове","Линия Mineral Complex","Купить Линия Mineral Complex в зоомагазине ZOOcomplex. Фото описание характеристики цена отзывы. Звоните ☎ (067) 634-51-39, (050) 421-54-94. Доставка в Киев, Днепр, Харьков",leeniia-mineral-complex,https://zoocomplex.com.ua/image/catalog/leeniia-mineral-complex.jpg
1443,1397,"Линия Fruit of the Groomer",,"Линия Fruit of the Groomer купить в Киеве, Днепре, Харькове","Линия Fruit of the Groomer","Купить Линия Fruit of the Groomer в зоомагазине ZOOcomplex. Фото описание характеристики цена отзывы. Звоните ☎ (067) 634-51-39, (050) 421-54-94. Доставка в Киев, Днепр, Харьков",leeniia-fruit-of-the-groomer,https://zoocomplex.com.ua/image/catalog/leeniia-fruit-of-the-groomer.jpg
1444,1398,"Аксессуары для креативного груминга",,"Аксессуары для креативного груминга купить в Киеве, Днепре, Харькове","Аксессуары для креативного груминга","Купить Аксессуары для креативного груминга в зоомагазине ZOOcomplex. Фото описание характеристики цена отзывы. Звоните ☎ (067) 634-51-39, (050) 421-54-94. Доставка в Киев, Днепр, Харьков",aksessuary-dlia-kreativnogo-gruminga,https://zoocomplex.com.ua/image/catalog/aksessuary-dlia-kreativnogo-gruminga.jpg
1445,1398,"Краски для животных",,"Краски для животных купить в Киеве, Днепре, Харькове","Краски для животных","Купить Краски для животных в зоомагазине ZOOcomplex. Фото описание характеристики цена отзывы. Звоните ☎ (067) 634-51-39, (050) 421-54-94. Доставка в Киев, Днепр, Харьков",kraski-dlia-zhivotnykh,https://zoocomplex.com.ua/image/catalog/kraski-dlia-zhivotnykh.jpg
1446,1398,"Гели и блестки для животных",,"Гели и блестки для животных купить в Киеве, Днепре, Харькове","Гели и блестки для животных","Купить Гели и блестки для животных в зоомагазине ZOOcomplex. Фото описание характеристики цена отзывы. Звоните ☎ (067) 634-51-39, (050) 421-54-94. Доставка в Киев, Днепр, Харьков",geli-i-blestki-dlia-zhivotnykh,https://zoocomplex.com.ua/image/catalog/geli-i-blestki-dlia-zhivotnykh.jpg
1447,1398,"Мелки и пудры для животных",,"Мелки и пудры для животных купить в Киеве, Днепре, Харькове","Мелки и пудры для животных","Купить Мелки и пудры для животных в зоомагазине ZOOcomplex. Фото описание характеристики цена отзывы. Звоните ☎ (067) 634-51-39, (050) 421-54-94. Доставка в Киев, Днепр, Харьков",melki-i-pudry-dlia-zhivotnykh,https://zoocomplex.com.ua/image/catalog/melki-i-pudry-dlia-zhivotnykh.jpg
1448,1398,"Антицарапки для когтей",,"Антицарапки для когтей купить в Киеве, Днепре, Харькове","Антицарапки для когтей","Купить Антицарапки для когтей в зоомагазине ZOOcomplex. Фото описание характеристики цена отзывы. Звоните ☎ (067) 634-51-39, (050) 421-54-94. Доставка в Киев, Днепр, Харьков",antitcarapki-dlia-kogtei,https://zoocomplex.com.ua/image/catalog/antitcarapki-dlia-kogtei.jpg
1449,1399,"Кронштейны для груминга",,"Кронштейны для груминга купить в Киеве, Днепре, Харькове","Кронштейны для груминга","Купить Кронштейны для груминга в зоомагазине ZOOcomplex. Фото описание характеристики цена отзывы. Звоните ☎ (067) 634-51-39, (050) 421-54-94. Доставка в Киев, Днепр, Харьков",kronshteiny-dlia-gruminga,https://zoocomplex.com.ua/image/catalog/kronshteiny-dlia-gruminga.jpg
1450,1399,"Столы для груминга",,"Столы для груминга купить в Киеве, Днепре, Харькове","Столы для груминга","Купить Столы для груминга в зоомагазине ZOOcomplex. Фото описание характеристики цена отзывы. Звоните ☎ (067) 634-51-39, (050) 421-54-94. Доставка в Киев, Днепр, Харьков",stoly-dlia-gruminga,https://zoocomplex.com.ua/image/catalog/stoly-dlia-gruminga.jpg
1451,1399,"Ванны для груминга",,"Ванны для груминга купить в Киеве, Днепре, Харькове","Ванны для груминга","Купить Ванны для груминга в зоомагазине ZOOcomplex. Фото описание характеристики цена отзывы. Звоните ☎ (067) 634-51-39, (050) 421-54-94. Доставка в Киев, Днепр, Харьков",vanny-dlia-gruminga,https://zoocomplex.com.ua/image/catalog/vanny-dlia-gruminga.jpg
1452,1399,"Тележки для грумер салонов",,"Тележки для грумер салонов купить в Киеве, Днепре, Харькове","Тележки для грумер салонов","Купить Тележки для грумер салонов в зоомагазине ZOOcomplex. Фото описание характеристики цена отзывы. Звоните ☎ (067) 634-51-39, (050) 421-54-94. Доставка в Киев, Днепр, Харьков",telezhki-dlia-salonov,https://zoocomplex.com.ua/image/catalog/telezhki-dlia-salonov.jpg
1453,0,"Товары для груминга","<h2>Что такое груминг?</h2><p>Грумингом называется уход за животными, включающий в частности заботу о шерсти, коже, ногтях и ушах. Изначально данное название носил только комплекс гигиенических процедур для домашних любимцев, и лишь потом сюда включили и косметические процедуры. Сегодня, направляясь в зоомагазин с целью купить все для груминга, стоит планировать приобретение инструментов для следующих процедур:</p><ul><li>Стрижка шерсти кошек и собак;</li><li>Мытье животных;</li><li>Расчесывание и избавление от колтунов;</li><li>Стрижка когтей;</li><li>Чистка ушных раковин;</li><li>Чистка зубов и ротовой полости;</li><li>Сушка феном;</li><li>Чистка и промывание глаз.</li></ul><h2>Какие инструменты использовать?</h2><p>В случае, если хозяева по тем или иным причинам не хотят вести своего питомца в <a href=""https://zoocomplex.com.ua/uslugi-gruminga/"" target=""_blank"" rel=""noopener"">груминг-салон</a>, которые с каждым днем получают все более широкое распространение, то все процедуры можно проводить и в домашних условиях. Все товары для груминга животных продаются практически в каждом зоомагазине, поэтому никаких сложностей возникнуть не должно. Но ухаживая за любимцем, можно по незнанию ему и навредить, поэтому делать это нужно осторожно и с умом, и для этого важно знать несколько простых правил.</p><p>Для начала понадобится специальный шампунь и другая косметика для животных. Перед покупкой правильнее будет сходить с домашним питомцем к ветеринару и проконсультироваться на предмет того, какой тип средств лучше приобрести. Зависеть выбор может как от длины шерсти, так и от породы животного, его размеров, возраста, общего состояния здоровья и прочих факторов. Важно запомнить, что средства, предназначенные для человека, не подходят животным. Поэтому не стоит пытаться экономить на любимце, купая его в ванне со своим шампунем, лучше сходить в ветеринарную аптеку и купить подходящее средство.</p><p>Тоже касается и стрижки когтей: нужно использовать когтерезку, которая разработана специально для животных и является для них безопасной. Машинки и ножницы для груминга тоже имеют свою специфику, а в специализированных магазинах можно найти множество их различных моделей. Для расчесывания в каждом зоомагазине продается масса разных щеток на любой вкус и цвет. Они различаются длиной щетины, ее жесткостью, расстоянием между щетинками. Помимо щетки с ручкой можно также приобрести расческу-перчатку, которая просто надевается на руку, что значительно упрощает сам процесс.</p><p>Глазки животным можно протирать ватными дисками, а уши аккуратно чистить обычными ватными палочками. Что касается чистки зубов, то здесь есть несколько способов, для любого из которых все же понадобится специальная зубная паста. А сам процесс можно проводить либо купленной в зоомагазине зубной щеткой, либо же намотав на палец кусочек ткани или бинта. Тут опять же лучше проконсультироваться у ветеринара.</p><p></p><p>После мытья, даже в теплое время года, животное нужно высушить. Особенно это касается тех мохнатых, у которых особо длинная шерсть. Короткошерстных можно просушить и обычным полотенцем, а вот особо пушистых желательно просушить феном. А фены, как мы знаем, бывают разные. Чтобы не травмировать животное, лучше выбрать не особо шумный и не очень горячий.</p>","Все для груминга животных | Купить товары в Киеве, Днепре, Харькове","Товары для груминга","Купить всё для груминга животных в зоомагазине ZOOcomplex. Фото, характеристики товара, цена, отзывы. Звоните ☎ (067) 634-51-39, (050) 421-54-94. Доставка в Киев, Днепр, Харьков",tovary-dlia-grumminga,https://zoocomplex.com.ua/image/
1454,0,"Витамины для животных",,"Витамины для животных купить по доступной цене в Киеве, Днепре, Харькове","Витамины для животных","Витамины для животных по низкой цене в зоомагазине ZOOcomplex. Лучший выбор витаминов для животных. Звоните ☎ (067) 634-51-39, (050) 421-54-94. Доставка в Киев, Днепр, Одессу, Харьков, Львов и другие города Украины",vitaminy-dlia-zhivotnyh,https://zoocomplex.com.ua/image/
1455,0,"Игрушки для животных",,"Игрушки для животных купить в Киеве, Днепре, Харькове","Игрушки для животных","Купить игрушки для животных  в интернет-магазине ZOOcomplex по низкой цене. Звоните ☎ (067) 634-51-39, (050) 421-54-94. Доставка в Киев, Днепр, Одесса, Харьков, Львов.",igrushki-dlia-zhivotnyh,https://zoocomplex.com.ua/image/
1456,0,"Аксессуары для животных",,"Аксессуары для животных купить в Украине - Киев, Днепр, Одесса","Аксессуары для животных","Аксессуары для животных в интернет магазине Zoocomplex. Лучший выбор аксессуаров для животных. Звоните ☎ (067) 634-51-39, (050) 421-54-94. Доставка в Киев, Днепр, Одесса, Харьков, Львов.",aksessuary-dlia-zhivotnyh,https://zoocomplex.com.ua/image/
1457,0,"Одежда для животных",,"Купить одежду для животных в Украине","Одежда для животных","Купить одежду для животных в интернет магазине Zoocomplex. Звоните ☎ (067) 634-51-39, (050) 421-54-94. Доставка в Киев, Днепр, Одесса, Харьков, Львов.",odezhda-dlia-zhivotnyh,https://zoocomplex.com.ua/image/
1458,0,"Туалеты, наполнители и аксессуары",,"Туалеты, наполнители и аксессуары для животных купить в Украине","Туалеты, наполнители и аксессуары","Туалеты, наполнители и аксессуары в интернет магазине Zoocomplex. Лучший выбор товаров. Звоните ☎ (067) 634-51-39, (050) 421-54-94. Доставка в Киев, Днепр, Одесса, Харьков, Львов.",tualety-napolniteli-i-aksessuary,https://zoocomplex.com.ua/image/
1459,0,"Будки и вольеры",,"Будки и вольеры для собак купить в Украине","Будки и вольеры","Будки и вольеры для собак по лучшим ценам купить в Киеве, Харькове, Днепре, Одессе. Широкий выбор товара.  Звоните ☎ (067) 634-51-39, (050) 421-54-94.",budki-i-voliery,https://zoocomplex.com.ua/image/catalog/image_for_categories/VL-th-1.jpg
1461,0,"Средства по уходу за животными",,"Средства по уходу за животными купить в Украине - Киев, Днепр, Одесса","Средства по уходу за животными","Средства по уходу за животными в интернет магазине Zoocomplex. Лучший выбор товаров по уходу за животными. Звоните ☎ (067) 634-51-39, (050) 421-54-94. Доставка в Киев, Днепр, Одесса, Харьков, Львов.",sredstva-po-uhodu-za-zhivotnymi,https://zoocomplex.com.ua/image/
1462,0,"Ветеринарные препараты",,"Ветеринарные препараты для животных купить в Украине - Киев, Днепр, Одесса","Ветеринарные препараты","Ветеринарные препараты для животных в интернет магазине ZOOcomplex. Лучший выбор товара. Звоните ☎ (067) 634-51-39, (050) 421-54-94. Доставка в Киев, Днепр, Одесса, Харьков, Львов.",veterinarnye-preparatyy,https://zoocomplex.com.ua/image/
1463,0,"Комбикорма для животных","<p>Занимаясь домашним или фермерским хозяйством, наряду с кормлением естественной пищей, обязательно использование комбикорма для животных и птиц.</p><p>Кормовая база, в определенных пропорциях, должна включать в себя разного рода элементы и питательные вещества. Сбалансированная пища основывается на сырье растительного и животного происхождения, ферментах, витаминах макро и микроэлементах. Питание играет ключевую роль в росте и развитии.</p><p>Внешне комбикорм представляет однородную смесь, готовую к применению. Все компоненты подбираются с учетом требований вида и могут использоваться при выращивании и откорме.</p><h2>Комбикорм для свиней</h2><p>Специализированный корм для свиней обеспечивает полноценное питание и повышает продуктивность взрослых особей на 30 %. Кроме того, комбикорм способствует хорошему набору веса животными и укрепляет иммунную систему. Кормить свиней гранулированным составом можно начиная с малого возраста.</p><h2>Комбикорм для птиц</h2><p>Для того чтобы куры и гуси несли яйца, и при этом не теряли в весе, их откармливают комбикормом. Многим фермерам знакомы проблемы, связанные с авитаминозом, а также недостатком калия и фосфора у несушек. Готовые составы помогают избежать дефицита полезных веществ. Кроме того, использование сбалансированного питания положительно влияет на продуктивность птиц и обеспечивает высокую яйценоскость.</p><h2>Комбикорм для кроликов</h2><p>Осуществлять подбор кормового состава для кроликов, стоит, ориентируясь на породу и возраст животных. К преимуществам использования комбикорма относят:</p><ul><li>Доступность смеси и отсутствие необходимости заготавливать корм на зиму;</li><li>Возможность подбора оптимального питания, с учетом имеющихся особенностей;</li><li>Отсутствие потерь, связанных с гнием корнеплодов и уничтожением запасов вредителями;</li><li>Наличие лекарственных средств, среди ингредиентов, позволяет избежать многих заболеваний;</li><li>Сбалансированный состав включает все необходимые витамины и минералы;</li><li>Не нужно тратить силы и время на заготовку сена и зерна.</li></ul><h2>Комбикорм для лошадей</h2><p>Качественная и сбалансированная пища лежит в основе здоровья и работоспособности лошади. В разных кормах, в зависимости от предназначения, варьируются пропорции ингредиентов. Поэтому к выбору состава нужно подходить очень внимательно. Пшеница, меласса, ячмень, овес и маис - несут высокую энергетическую ценность. Кроме указанных компонентов, смесь для лошадей, включает в себя: клетчатку, белки, минеральные вещества и витамины. Такой продукт легко усваивается и полностью удовлетворяет потребности животного.</p><h2>Комбикорм для рыбы</h2><p>Владельцы рыбных ферм, при выборе питания для своих подопечных, должны обязательно учитывать их разновидность. Рацион подбирается в соответствии с имеющимися особенностями и индивидуальными потребностями.</p><p></p><p>Стоит отметить, что большое значение для рыб имеет протеин. В период активного роста, особи потребляют белка на 30-40 % больше, чем сельхоз. животные. Такая особенность учтена при разработке специализированного рыбного корма. </p><p>Купить комбикорма <a href=""https://zoocomplex.com.ua/optovikam/"" target=""_blank"">оптом</a> и в розницу можно в нашем зоомагазине по доступным ценам.</p>","Комбикорма для животных (премиксы) купить в Украине","Комбикорма для животных","Купить по розничным и оптовым ценам комбикорма для животных в Киеве, Днепре, Харькове, Запорожье, Одессе",kombikorma-dlya-zhivotnyh,https://zoocomplex.com.ua/image/catalog/kombikorm.jpg
1464,1463,"Комбикорм для птиц",,"Комбикорм для птиц (бройлеров, гусей, уток, индюков, перепелов) купить в Украине","Комбикорм для птиц","Купить комбикорм для птиц (бройлеров, гусей, уток, индюков, перепелов) в зоомагазине ZOOcomplex. ✔️ Заказать в Киев, Днепр, Одессу, Харьков, Львов, Запорожье ☎ (050) 398-61-14",kombikorm-dlya-ptic,https://zoocomplex.com.ua/image/catalog/kombikorm-dlya-ptic.jpg
1465,1463,"Комбикорм для свиней",,"Комбикорм для свиней купить в Киеве, Днепре, Харькове, Одессе","Комбикорм для свиней","Купить комбикорм для свиней в зоомагазине ZOOcomplex. ✔️ Заказать в интернет магазине с доставкой в Киев, Днепр, Одессу, Харьков, Львов, Запорожье ☎ (050) 398-61-14",kombikorm-dlya-sviney,https://zoocomplex.com.ua/image/catalog/kombikorm-dlya-sviney.jpg
1466,1463,"Комбикорм для кроликов",,"Комбикорм для кроликов купить в Киеве, Днепре, Харькове, Одессе","Комбикорм для кроликов","Купить комбикорм для кроликов в зоомагазине ZOOcomplex. ✔️ Заказать в интернет магазине с доставкой в Киев, Днепр, Одессу, Харьков, Львов, Запорожье ☎ (050) 398-61-14",kombikorm-dlya-krolikov,https://zoocomplex.com.ua/image/catalog/kombikorm-dlya-krolikov.jpg
1467,1463,"Комбикорм для рыбы",,"Комбикорм для рыб купить в Киеве, Днепре, Харькове, Одессе","Комбикорм для рыбы","Купить комбикорм для рыб в зоомагазине ZOOcomplex. ✔️ Заказать в интернет магазине с доставкой в Киев, Днепр, Одессу, Харьков, Львов, Запорожье ☎ (050) 398-61-14",kombikorm-dlya-ryby,https://zoocomplex.com.ua/image/catalog/kombikorm-dlya-ryby.jpg
1468,1463,"Комбикорм для лошадей",,"Корм для лошадей купить в Киеве, Днепре, Харькове, Одессе","Корм для лошадей","Купить корма для лошадей в зоомагазине ZOOcomplex. ✔️ Заказать в интернет магазине с доставкой в Киев, Днепр, Одессу, Харьков, Львов, Запорожье ☎ (050) 398-61-14",kombikorm-dlya-loshadey,https://zoocomplex.com.ua/image/catalog/kombikorm-dlya-loshadey.jpg
1470,1185,"Помпы для аквариума","<p>Помпы для аквариума – это важнейшее аквариумное оборудование, так как они обеспечивают течение воды в аквариуме. Циркуляция воды очень важна для нормальной жизни обитателей Вашего аквариума. Если Вы ухаживаете за небольшой емкостью (до 75 л), то наилучшим для покупки вариантом будет помпа для аквариума мощностью до 800 литров в час.</p><p>При выборе помпы для аквариума, обращайте внимание на качество деталей, из которых она изготовлена. Качественное оборудование можно применять как в пресноводных, так и в морских аквариумах. Помпа или фонтан для аквариума должны работать тихо и экономно. Не лишней будет и регулировка мощности в помпе для аквариума.</p><h2>Помпы для аквариума 1000 – 2000 л.ч</h2><p>Если Вы – хозяин аквариума средних размеров, то Вам непременно нужна помпа для аквариума. Здесь представлены помпы и фонтаны мощностью до 2000 литров в час, что делает разумным их установку в аквариумы объемом до 200 литров.</p><p>Стоячая вода в аквариуме – это плохой фактор для жизни и активности рыбок. Качественная помпа для аквариума обеспечит циркуляцию воды должным образом и сделает аквариум живым. Обратите внимание на технические показатели и характеристики работы этого оборудования и выберите то, что нужно именно Вашему аквариуму.</p><h2>Помпы для аквариума 2500 лч +</h2><p>Для больших аквариумов и аквакартин нужны соответствующие насосы. Помпы для аквариума, имеющие высокую мощность (более 2500 литров в час) подходят для эксплуатации во всех видах больших аквариумов, а при необходимости могут применяться для циркуляции воды в прудах. Эти устройства работают тихо и долго.</p><p>Подбирая помпу для аквариума, не забывайте о том, что она должна прокачивать 10 объемов емкости в час. Именно такая циркуляция воды оптимальна как для морских аквариумов, так и для пресноводных. Помпу лучше покупать вместе с фильтром для аквариума и всем остальным важным оборудованием.</p>","Аквариумные помпы купить в Киеве, Днепре, Харькове","Помпы и насосы для аквариума","Купить помпы и насосы для аквариума в зоомагазине ZOOcomplex. Фото описание характеристики цена отзывы. Звоните ☎ (067) 634-51-39, (050) 421-54-94. Доставка в Киев, Днепр, Одессу, Харьков, Львов.",pompy-dlia-akvariuma,https://zoocomplex.com.ua/image/catalog/помпы.jpg
1471,1338,"Клетки для хорьков",,"Клетки для хорьков купить в Киеве, Днепре, Харькове","Клетки для хорьков","Купить Клетки для хорьков в зоомагазине ZOOcomplex. Фото описание характеристики цена отзывы. Звоните ☎ (067) 634-51-39, (050) 421-54-94. Доставка в Киев, Днепр, Харьков",kletki-dlya-xorkov,https://zoocomplex.com.ua/image/catalog/image/catalog/product/kletki_dlya_horkov.jpg
1472,1338,"Корм для хорьков",,"Корм для хорьков","Корм для хорьков",,korm-dlia-horkov,https://zoocomplex.com.ua/image/catalog/product-103769-1200x800.jpg
1479,0,"Уцененный товар",,"Уцененный товар купить в интернет магазине. Заказать в Киеве, Украине","Уцененный товар","Уцененный товар в зоомагазине ZOOcomplex. Собачьи принадлежности в интернет магазине по доступным ценам. Звоните ☎ (067) 634-51-39, (050) 421-54-94. Доставка в Киев, Днепр, Одессу, Харьков, Львов.",reject,https://zoocomplex.com.ua/image/
1480,1354,"Освещение для пруда",,"Освещение для пруда купить в Украине","Освещение для пруда","Купить освещение для пруда в интернет-магазине ZOOcomplex по низкой цене. Звоните ☎ (067) 634-51-39, (050) 421-54-94. Доставка в Киев, Днепр, Одесса, Харьков, Львов.",osveshchenie-dlia-pruda,https://zoocomplex.com.ua/image/catalog/image_for_categories/osveshchenie-dlia-pruda.jpg
1487,0,"Корм для собак","<p>Ни для кого не секрет что здоровье вашего любимца в первую очередь зависит от его питания, поэтому правильно подобранный корм для собак гарантирует то, что ваш питомец будет хорошо себя чувствовать и радоваться жизни. В нашем интернет магазине вы сможете заказать лучший собачий корм для вашего любимца. </p> <br> <h2>Какие классы бывают?</h2> <br> <p> Как и продукты для людей, собачья еда также разделяются на разные классы по ценовой политике: </p> <ul> <li>эконом;</li> <li>премиум.</li> </ul> <p> Покупая корм эконом класса вы должны понимать, что ваше животное не сможет получить нужный объем питательных веществ и витаминов (не факт что они там вообще будут), что в свою очередь может плохо отразиться на его дальнейшее здоровье. </p> <br> <p> Премиум класс это выбор в сторону качества, это выбор для тех, кто желает дать своему животному полноценное питание. Также хочется подчеркнуть, что в отличие от овчарок, лабрадоров и прочих, собаки мелких пород более слабые и хрупкие, поэтому сбалансированное питание для них предельно важно. </p> <br> <h2>Какой корм лучше выбрать?</h2> <br> <p> Наш интернет магазин кормов для собак предлагает на выбор как сухой, так и влажный корм. В зависимости от возраста, породы и предпочтений животного вы сможете выбрать тот вид пищи, который максимально ей подойдет. </p> <br> <h2>Чем хорош сухой вид кормов?</h2> <br> <p>Данный корм имеет такие положительные качества:</p> <ul> <li> его не надо готовить; </li> <li> в нем содержатся витамины групп: A, B, D, B6 и B12; </li> <li> содержит: йод, кальций, железо, углеводы, жиры и белки; </li> <li> можно использовать в качестве поощрения в процессе дрессировки; </li> <li> им удобно подкармливать во время долгих прогулок; </li> </ul> <p> В вопросе какой сухой корм для собак лучше нет точного ответа, так как вы можете приобрести два корма от разных производителей, в них вроде бы будут одинаковые компоненты, но для вашего пса один из них может оказаться таким вкусным, что он будет есть его с удовольствием, а другой - нехотя, когда уж сильно проголодается. Когда вы все же на чем-то остановите свой выбор, то будет весьма актуально приобрести сухой корм <a href=""https://zoocomplex.com.ua/tovary-dlya-sobak/aksessuary-dlya-sobak"" target=""_blank"">для собаки</a> оптом, это позволит вам сэкономить на покупке и не переживать что ваш пес может остаться голодный. </p> <br> <h2>Влажный корм и его преимущества</h2> <br> <p> Данный вид лакомства представляют собой готовое сбалансированное питание для вашего домашнего животного. В основном данный вид корма содержиться в удобной порционной упаковке, которую удобно брать с собой в поездки, но ещё бывают различные консервы, с которыми немного больше хлопот. </p> <br> <p>Основные преимущества:</p> <ul> <li> имеется очень большой ассортимент вкусов, питомцу будет из чего выбирать; </li> <li> отличный вариант для пожилых псов, организм которых уже слабее справляется с перевариванием тяжелой пищи. </li> </ul> <p> Интернет магазин ZooComplex купить корм для собаки по самым выгодным ценам. Звоните по номерам указанным на сайте или напишите онлайн, и наш консультант ответит на все интересующие вас вопросы и оформит заказ. Доставка осуществляется по всей территории Украины. </p> <br>","Купить корм для собак по доступной цене в Киеве, Днепре, Харькове","Корм для собак","Купить корма для собак по низкой цене в зоомагазин ZOOcomplex. Подкормки для взрослых и щенков. Звоните ☎ (067) 634-51-39, (050) 421-54-94. Доставка в Киев, Днепр, Одессу, Харьков, Львов.",korma-i-podkormki-dlya-sobak,https://zoocomplex.com.ua/image/
1488,0,"Корм для кошек","<p>Не секрет, что кошка – животное, отличающееся особой индивидуальностью. Каждая из них имеет не только свой характер, но и свои вкусовые предпочтения. Именно поэтому следует тщательно подбирать кошачий корм, учитывая многочисленные аспекты. К ним относятся:<br></p><p></p><ul><li>Возраст;</li><li>Пол;</li><li>Состояние здоровья;</li><li>Беременность;</li><li>Кормящие;</li><li>Необходимость выведения шерсти;</li><li>Потребность в увеличении веса;</li><li>Привередливость;</li><li>Понижение массы тела;</li><li>Заболевания почек;</li><li>Болезни печени;</li><li>Больные суставы.</li></ul><p></p><p>Помимо этого существуют корма для кошек, предназначенные специально для кастрированных питомцев, прошедших стерилизацию.</p><p>Случается, что на определенное питание у них может проявиться аллергическая реакция. В таком случае оно немедленно сменяется и находится марка, которую организм домашнего любимца будет воспринимать нормально. Определившись с выбором, не стоит продолжать экспериментировать с другими товарами, так как для желудка вашего питомца вредно приспосабливаться к новому питанию.</p><p><br></p><p><br></p><h2>Разновидности кошачьего питания</h2><p><br></p><p><br></p><p>Однозначно утверждать какой корм для кошек самый лучший нельзя. Однако существует информация, при помощи которой можно подобрать корм для котов. Во-первых, следует разобраться, какая консистенция будет предпочтительна. Их есть несколько:</p><p></p><ul><li>Сухие;</li><li>Консервы;</li><li>Влажные;</li><li>Сырые.</li></ul><p></p><p><br></p><p><br></p><h3>Ознакомимся с каждым из них подробнее</h3><p><br></p><p><br></p><p>Сухие удобны тем, что их можно оставлять в миске, не переживая о том, что они испортятся. Они содержат все витамины и микроэлементы. Главное, при таком кормлении, это постоянное наличие свежей воды. Это связано с пониженным содержанием влаги в нем. Дополнительным преимуществом сухого корма для кошек Mera Cat да собственно и всей продукции такого рода в целом выступает твердость крокетов. Употребляя их в пищу, животное очищает зубной налет.</p><p>Консервы, как правило, приходятся по вкусу даже привередливым домашним любимцам. Жестяные банки имеют длительный срок хранения, а влажность содержимого удовлетворяет потребность организма в жидкости. Главное, на что следует обращать внимание, это то, что после вскрытия емкости еда должна быть употреблена в 12-ти часовой срок. Скормив разовую порцию, остатки перекладываются в стеклянную емкость, это убережет продукт от окисления упаковкой. Емкость ставят в прохладное место и скармливают по мере необходимости.</p><p>Влажный корм представляет собой симбиоз сухого корма и консервы. Обратите внимание, мягкие частички корма быстро высыхают и теряют питательную ценность.</p><p>К новому поколению питания для кошек относятся сырые корма. Они входят в состав продукции супер премиум - класса. Холистик представляет собой самую здоровую натуральную еду. Его изготавливают из предназначенных для людей продуктов. Именно максимальное приближение к естественному рациону делает корм самым полезным.</p><p><br></p><p><br></p><h2>Классификация по качеству</h2><p><br></p><p><br></p><p>Прежде чем купить корм для кошек нужно рассмотреть и различные классы, представленные в продаже. В магазинах представлены:</p><p></p><ul><li>Эконом;</li><li>Коммерческий;</li><li>Премиум и супер премиум;</li><li>Холистики.</li></ul><p></p><p>Продукцию эконом класса никак нельзя отнести к лучшим кормам для кошек. Стоимость такого корма копеечная, но единственная польза от него, это потеря чувства голода. Мясо в нем полностью заменено соевым белком.</p><p>Коммерческий корм отличается только красивой упаковкой и более высокой стоимостью, связанной с усиленной рекламой продукции.</p><p>Премиум и супер премиум класс полноценны, они изготавливаются из высококачественного сырья. В таком питании практически нет сои и злаков, красителей и канцерогенов. При этом в них содержатся весь необходимый животному комплекс витаминов и минералов.</p><p>Холистики, несомненно, самые полезные корма для животных. В их состав входит:</p><p></p><ul><li>70 % натурального мяса;</li><li>Ягоды - яблоки, клюква, черника;</li><li>Овощи – помидоры, тыква, морковь;</li><li>Травы – петрушка, ромашка, розмарин.</li></ul><p></p><p>Также в их составе отсутствуют:</p><p></p><ul><li>Зерновые;</li><li>Соя.</li></ul><p></p><p>Натуральная сохранность полезных свойств обеспечивается витаминами Е, С и розмарином.</p><p>Все кошачьи корма из интернет магазина гарантированно качественны. Они обеспечат вашего питомца полноценным набором витаминов и минералов. </p><p>Учитывая то, что залогом здоровья и долголетия вашего любимца является качественное и полноценное питание, о нем нужно заботиться в первую очередь. Неплохим вариантом выступает корм <a href=""https://zoocomplex.com.ua/tovary-dlya-koshek/napolniteli-dlya-tualetov"" target=""_blank"">для кошек</a> SANAL.</p><p>Подводя итоги, можно сказать, что для того чтобы ваше животное прожило долгую жизнь и при этом было здоровым, необходимо тщательно подойти к выбору рациона для него. Не стоит забывать о том, что несмотря на то, что кошка по своей природе является хищником, она так же нуждается и в растительных компонентах. Предки наших питомцев в естественной среде охотились. Их добычей становились разнообразные растительноядные животные.</p><p> Именно поедание их снабжало диких предков наших любимцев элементами растительной пищи. Подбирайте качественные корма и ни в коем случае не прислушивайтесь к существующему мнению о том, что кошка – хищник и кормить ее нужно только мясом.</p>","Корм Для Котов и Кошек Купить в Киеве, Днепре, Харькове","Корм для кошек","Купить корма для кошек в зоомагазине ZOOcomplex. Лучший выбор кормов для котов и котят. Звоните ☎ (067) 634-51-39, (050) 421-54-94. Доставка в Киев, Днепр, Одессу, Харьков, Львов.",korma-i-podkormki-6,https://zoocomplex.com.ua/image/
1489,1354,"Запасные части к оборудованию для пруда",,,,,,https://zoocomplex.com.ua/image/
1751,0,"Дача, сад, огород",,"Товары для сада и огорода купить по доступным ценам","Дача, сад, огород","Все для дачи, сада, огорода по доступным ценам в интернет-магазине — ZOOcomplex. Большой выбор аксессуаров и принадлежностей для дачи. Звоните ☎ (067) 657-91-68. Доставка в Киев, Днепр, Одессу, Харьков, Львов",dacha-sad-ogorod,https://zoocomplex.com.ua/image/
1752,1751,"Садовая техника",,"Купить садовую технику по доступным ценам в Украине","Садовая техника","Садовая техника в интернет-магазине — ZOOcomplex. Широкий выбор товара по лучшим ценам. Звоните ☎ (067) 657-91-68. Доставка в Киев, Днепр, Одессу, Харьков, Львов",sadovaya-tehnika,https://zoocomplex.com.ua/image/
1753,1752,Газонокосилки,,"Купить Газонокосилку Бензиновую, Электрическую, Ручную, Робот",Газонокосилки,"Газонокосилки бензиновые, электрические, ручные в интернет-магазине — ZOOcomplex. Широкий выбор товара по лучшим ценам. Звоните ☎ (067) 657-91-68. Доставка в Киев, Днепр, Одессу, Харьков, Львов",gazonokosilky,https://zoocomplex.com.ua/image/catalog/product-42537929.jpg
1754,1752,"Триммеры и мотокосы",,"Купить мотокосилку по доступным ценам. Триммеры электрические","Триммеры и мотокосы","Триммеры и мотокосы в интернет-магазине — ZOOcomplex. Широкий выбор товара по лучшим ценам. Звоните ☎ (067) 657-91-68. Доставка в Киев, Днепр, Одессу, Харьков, Львов",trimmery-i-motokosy,https://zoocomplex.com.ua/image/catalog/product-42536195.jpg
1755,1752,Кусторезы,,"Аккумуляторный кусторез купить по доступным ценам в Украине",Кусторезы,"Кусторезы в интернет-магазине — ZOOcomplex. Широкий выбор товара по лучшим ценам. Звоните ☎ (067) 657-91-68. Доставка в Киев, Днепр, Одессу, Харьков, Львов",kustorezy,https://zoocomplex.com.ua/image/catalog/product-42536401.jpg
1758,1752,"Цепные пилы",,"Цепные пилы купить по доступным ценам в Укаине","Цепные пилы","Цепные пилы в интернет-магазине — ZOOcomplex. Широкий выбор товара по лучшим ценам. Звоните ☎ (067) 657-91-68. Доставка в Киев, Днепр, Одессу, Харьков, Львов",cepnye-pily,https://zoocomplex.com.ua/image/catalog/product-42536210.jpeg
1759,1752,"Культиваторы и мотоблоки",,"Мотоблоки и мотокультиваторы купить недорого в Украине","Культиваторы и мотоблоки","Культиваторы и мотоблоки в интернет-магазине — ZOOcomplex. Широкий выбор товара по лучшим ценам. Звоните ☎ (067) 657-91-68. Доставка в Киев, Днепр, Одессу, Харьков, Львов",kuplivatory-i-motobloky,https://zoocomplex.com.ua/image/catalog/product-42536601.jpg
1760,1752,Воздуходувы,,"Воздуходувы купить по доступным ценам в Украине",Воздуходувы,"Воздуходувы в интернет-магазине — ZOOcomplex. Широкий выбор товара по лучшим ценам. Звоните ☎ (067) 657-91-68. Доставка в Киев, Днепр, Одессу, Харьков, Львов",vozduhoduvy,https://zoocomplex.com.ua/image/catalog/product-42535145.jpg
1761,1752,"Аксессуары для садовой техники",,"Аксессуары для садовой техники купить в Украине","Аксессуары для садовой техники","Аксессуары для садовой техники в интернет-магазине — ZOOcomplex. Широкий выбор товара по лучшим ценам. Звоните ☎ (067) 657-91-68. Доставка в Киев, Днепр, Одессу, Харьков, Львов",aksessuary-dlya-sodovoi-tehniky,https://zoocomplex.com.ua/image/catalog/aksessuary-dlya-sodovoi-tehniky.jpg
1764,1752,"Запчасти для цепных пил",,"Запчасти для цепной пилы купить в Украине","Запчасти для цепных пил","Запчасти для цепных пил в интернет-магазине — ZOOcomplex. Широкий выбор товара по лучшим ценам. Звоните ☎ (067) 657-91-68. Доставка в Киев, Днепр, Одессу, Харьков, Львов",zapchazti-dlya-cepnyh-pil,https://zoocomplex.com.ua/image/catalog/product-42536368.jpg
1766,1751,"Системы полива",,"Системы полива для огорода и сада купить недорого","Системы полива","Системы полива в интернет-магазине — ZOOcomplex. Широкий выбор товара по лучшим ценам. Звоните ☎ (067) 657-91-68. Доставка в Киев, Днепр, Одессу, Харьков, Львов",sistemy-poliva,https://zoocomplex.com.ua/image/
1767,1766,Шланги,,"Поливочный шланг купить по доступной цене в Украине","Шланги для полива","Шланги для полива в интернет-магазине — ZOOcomplex. Широкий выбор товара по лучшим ценам. Звоните ☎ (067) 657-91-68. Доставка в Киев, Днепр, Одессу, Харьков, Львов",shlangi,https://zoocomplex.com.ua/image/catalog/product-42538439.jpeg
1768,1766,"Коннекторы для систем полива",,"Коннекторы для полива купить недорого","Коннекторы для систем полива","Коннекторы для систем полива в интернет-магазине — ZOOcomplex. Широкий выбор товара по лучшим ценам. Звоните ☎ (067) 657-91-68. Доставка в Киев, Днепр, Одессу, Харьков, Львов",konnektory-dlya-sistem-poliva,https://zoocomplex.com.ua/image/catalog/product-42536336.jpg
1769,1766,Насадки,,"Купить насадку на шланг для полива недорого",Насадки,"Насадки для полива в интернет-магазине — ZOOcomplex. Широкий выбор товара по лучшим ценам. Звоните ☎ (067) 657-91-68. Доставка в Киев, Днепр, Одессу, Харьков, Львов",nasadki,https://zoocomplex.com.ua/image/catalog/product-42537472.jpg
1770,1766,Оросители,,"Оросители для полива огорода купить недорого",Оросители,"Оросители в интернет-магазине — ZOOcomplex. Широкий выбор товара по лучшим ценам. Звоните ☎ (067) 657-91-68. Доставка в Киев, Днепр, Одессу, Харьков, Львов",orositely,https://zoocomplex.com.ua/image/catalog/product-42536113.jpeg
1771,1766,"Насосы и помпы",,"Насосы и помпы для систем полива купить в Украине","Насосы и помпы","Насосы и помпы для систем полива в интернет-магазине — ZOOcomplex. Широкий выбор товара по лучшим ценам. Звоните ☎ (067) 657-91-68. Доставка в Киев, Днепр, Одессу, Харьков, Львов",nasosy-i-pompy,https://zoocomplex.com.ua/image/catalog/product-42538159.jpg
1773,1751,"Семена и удобрения",,"Интернет магазин удобрений для сада. Семена и удобрения.","Семена и удобрения","Семена и удобрения в интернет-магазине — ZOOcomplex. Широкий выбор товара по лучшим ценам. Звоните ☎ (067) 657-91-68. Доставка в Киев, Днепр, Одессу, Харьков, Львов",semena-i-udobreniya,https://zoocomplex.com.ua/image/
1774,1773,Удобрения,,"Удобрения для сада купить недорого в Украине",Удобрения,"Удобрения в интернет-магазине — ZOOcomplex. Широкий выбор товара по лучшим ценам. Звоните ☎ (067) 657-91-68. Доставка в Киев, Днепр, Одессу, Харьков, Львов",udobreniya,https://zoocomplex.com.ua/image/catalog/udobrenie1.jpg
1781,1751,"Садовый инвентарь",,"Купить садовый инструмент (инвентарь) недорого в Украине","Садовый инвентарь","Садовый инвентарь в интернет-магазине — ZOOcomplex. Широкий выбор товара по лучшим ценам. Звоните ☎ (067) 657-91-68. Доставка в Киев, Днепр, Одессу, Харьков, Львов",sadovuy-inventar,https://zoocomplex.com.ua/image/
1782,1781,"Ручной садовый инструмент",,"Ручной садовый инструмент купить недорого в Украине","Ручной садовый инструмент","Ручной садовый инструмент в интернет-магазине — ZOOcomplex. Широкий выбор товара по лучшим ценам. Звоните ☎ (067) 657-91-68. Доставка в Киев, Днепр, Одессу, Харьков, Львов",ruchnoi-sadovyi-inventar,https://zoocomplex.com.ua/image/catalog/product_image-42538113-1.jpg
1783,1781,Опрыскиватели,,"Опрыскиватели купить недорого в Украине",Опрыскиватели,"Опрыскиватели в интернет-магазине — ZOOcomplex. Широкий выбор товара по лучшим ценам. Звоните ☎ (067) 657-91-68. Доставка в Киев, Днепр, Одессу, Харьков, Львов",opryskivateli,https://zoocomplex.com.ua/image/catalog/product-42537368.jpg
1784,1781,Тачки,,"Тачки для дачи и сада купить недорого в Украине",Тачки,"Тачки в интернет-магазине — ZOOcomplex. Широкий выбор товара по лучшим ценам. Звоните ☎ (067) 657-91-68. Доставка в Киев, Днепр, Одессу, Харьков, Львов",tachki,https://zoocomplex.com.ua/image/catalog/product_image-42537662-2.jpg
1785,1781,Теплицы,,"Купить теплицу из поликарбоната. Парники недорого в Украине",Теплицы,"Теплицы в интернет-магазине — ZOOcomplex. Широкий выбор товара по лучшим ценам. Звоните ☎ (067) 657-91-68. Доставка в Киев, Днепр, Одессу, Харьков, Львов",teplitsy,https://zoocomplex.com.ua/image/catalog/product-42537382.jpg
1786,1781,"Сетки и укрывные материалы",,"Укрывные материалы для сада, сетки купить недорого","Сетки и укрывные материалы","Сетки и укрывные материалы в интернет-магазине — ZOOcomplex. Широкий выбор товара по лучшим ценам. Звоните ☎ (067) 657-91-68. Доставка в Киев, Днепр, Одессу, Харьков, Львов",setki-i-ukryvnyye-materialy,https://zoocomplex.com.ua/image/catalog/product-42537913.jpeg
1787,1781,"Садовые ограждения",,"Садовые ограждения купить по доступным ценам в Украине","Садовые ограждения","Садовые ограждения в интернет-магазине — ZOOcomplex. Широкий выбор товара по лучшим ценам. Звоните ☎ (067) 657-91-68. Доставка в Киев, Днепр, Одессу, Харьков, Львов",sadovye-ograzhdeniya,https://zoocomplex.com.ua/image/catalog/product-42536077.jpg
1789,3582,"Садовый декор",,"Купить декор для сада по доступным ценам в Украине","Садовый декор","Садовый декор в зоомагазине — ZOOcomplex. Звоните ☎ (067) 657-91-68. Доставка в Киев, Днепр, Одессу, Харьков, Львов",sadovuy-dekor,https://zoocomplex.com.ua/image/catalog/product-42537893.jpeg
1791,1751,"Дренажные системы",,"Купить дренажную систему по доступным ценам в Украине","Дренажные системы","Дренажные системы для сада, огорода, дачи в интернет-магазине — ZOOcomplex. Звоните ☎ (067) 657-91-68. Доставка в Киев, Днепр, Одессу, Харьков, Львов",drenazhnue-sistemy,https://zoocomplex.com.ua/image/
1800,1751,"Снегоуборочная техника и инвентарь",,"Снегоуборочный инвентарь купить в Украине","Снегоуборочная техника и инвентарь","Снегоуборочная техника и инвентарь в интернет-магазине — ZOOcomplex. Широкий выбор товара по лучшим ценам. Звоните ☎ (067) 657-91-68. Доставка в Киев, Днепр, Одессу, Харьков, Львов",snegouborochnaya-tekhnika-i-inventar,https://zoocomplex.com.ua/image/
1801,1800,"Снегоуборочная техника",,"Купить Снегоуборочную Технику в Украине","Снегоуборочная техника","Снегоуборочная техника в интернет-магазине — ZOOcomplex. Широкий выбор товара по лучшим ценам. Звоните ☎ (067) 657-91-68. Доставка в Киев, Днепр, Одессу, Харьков, Львов",snegouborochnaya-tekhnika,https://zoocomplex.com.ua/image/catalog/product-42537951.jpg
1802,1800,"Лопаты для уборки снега",,"Лопаты для уборки снега купить по доступным ценам","Лопаты для уборки снега","Лопаты для уборки снега в интернет-магазине — ZOOcomplex. Широкий выбор товара по лучшим ценам. Звоните ☎ (067) 657-91-68. Доставка в Киев, Днепр, Одессу, Харьков, Львов",lopaty-dlya-uborki-snega,https://zoocomplex.com.ua/image/catalog/product-42536429.jpg
3518,1781,"Садовые принадлежности",,"Садовые принадлежности купить недорого в Украине","Садовые принадлежности","Садовые принадлежности в интернет-магазине — ZOOcomplex. Широкий выбор товара по лучшим ценам. Звоните ☎ (067) 657-91-68. Доставка в Киев, Днепр, Одессу, Харьков, Львов",sadovye-prinadlezhnosti,https://zoocomplex.com.ua/image/catalog/product_image-42538302-1.jpg
3582,1751,"Благоустройство территории",,"Товары для благоустройства территории купить в Украине","Благоустройство территории","Товары для благоустройства территории по доступным ценам в интернет-магазине — ZOOcomplex. Звоните ☎ (067) 657-91-68. Доставка в Киев, Днепр, Одессу, Харьков, Львов",blagoustroistvo-territoriy,https://zoocomplex.com.ua/image/
3584,3582,"Уличные урны",,"Урна для мусора уличная купить по доступным ценам в Украине","Уличные урны","Уличные урны в интернет-магазине — ZOOcomplex. Звоните ☎ (067) 657-91-68. Доставка в Киев, Днепр, Одессу, Харьков, Львов",ulichnue-urny,https://zoocomplex.com.ua/image/catalog/product-42538124.jpg
3719,1751,"Клубни и луковицы",,"Клубни и луковицы","Клубни и луковицы","Клубни и луковицы",klubny-i-lukovicy,https://zoocomplex.com.ua/image/
3721,0,"Фильтры для воды",,"Фильтр для воды купить в Киеве, Днепре, Харькове | интернет-магазин ZOOcomplex","Фильтры для воды","Фильтр для воды купить в зоомагазине ZOOcomplex по низкой цене. Звоните ☎ (067) 634-51-39, (050) 421-54-94. Доставка в Киев, Днепр, Одессу, Харьков, Львов",filtry-dlya-vody,https://zoocomplex.com.ua/image/catalog/filtry-dlya-pitevoi-vody.jpg
3722,3723,"Системы обратного осмоса",,"Купить систему обратного осмоса в Киеве, Днепре, Харькове | интернет-магазин ZOOcomplex","Системы обратного осмоса","Системы обратного осмоса в зоомагазине ZOOcomplex по низкой цене. Звоните ☎ (067) 634-51-39, (050) 421-54-94. Доставка в Киев, Днепр, Одессу, Харьков, Львов",filtry-obratnogo-osmosa,https://zoocomplex.com.ua/image/catalog/filtry-obratnogo-osmosa.jpg
3723,3721,"Фильтры для питьевой воды",,"Фильтры для питьевой воды купить в Киеве, Днепре, Харькове | интернет-магазин ZOOcomplex","Фильтры для питьевой воды","Фильтры для питьевой воды купить в зоомагазине ZOOcomplex по низкой цене. Звоните ☎ (067) 634-51-39, (050) 421-54-94. Доставка в Киев, Днепр, Одессу, Харьков, Львов",filtry-dlya-pitevoi-vody,https://zoocomplex.com.ua/image/catalog/filtry-dlya-pitevoi-vody.jpg
3724,3723,"Фильтры-кувшины для воды",,"Купить фильтр кувшин для воды в Киеве, Днепре, Харькове | интернет-магазин ZOOcomplex","Фильтры-кувшины для воды","Фильтры-кувшины для воды в зоомагазине ZOOcomplex по низкой цене. Звоните ☎ (067) 634-51-39, (050) 421-54-94. Доставка в Киев, Днепр, Одессу, Харьков, Львов",filtry-kuvshuny,https://zoocomplex.com.ua/image/catalog/filtry-kuvshuny.jpg
3725,3723,"Проточные фильтры для воды",,"Купить проточный фильтр для воды в Киеве, Днепре, Харькове | интернет-магазин ZOOcomplex","Проточные фильтры для воды","Проточные фильтры для воды в зоомагазине ZOOcomplex по низкой цене. Звоните ☎ (067) 634-51-39, (050) 421-54-94. Доставка в Киев, Днепр, Одессу, Харьков, Львов",protochnye-filtry-dlya-vody,https://zoocomplex.com.ua/image/catalog/protochnye-filtry-dlya-vody.jpg
3726,3721,"Сменные элементы и комплектующие",,"Сменные элементы и комплектующие для фильтров питьевой воды","Сменные элементы и комплектующие","Сменные элементы и комплектующие для фильтров питьевой воды в зоомагазине ZOOcomplex по низкой цене. Звоните ☎ (067) 634-51-39, (050) 421-54-94. Доставка в Киев, Днепр, Одессу, Харьков, Львов",komplektuyushie-dlya-vodyanyh-filtrov,https://zoocomplex.com.ua/image/catalog/komplektuyushie-dlya-vodyanyh-filtrov.jpg
3727,3726,"Сменные элементы для фильтров кувшинов",,"Сменные элементы для фильтров кувшинов купить онлайн","Сменные элементы для фильтров кувшинов","Сменные элементы для фильтров кувшинов в зоомагазине ZOOcomplex по низкой цене. Звоните ☎ (067) 634-51-39, (050) 421-54-94. Доставка в Киев, Днепр, Одессу, Харьков, Львов",komplektuyushie-dlya-filtrov-kuvshinov,https://zoocomplex.com.ua/image/catalog/komplektuyushie-dlya-filtrov-kuvshinov.jpg
3728,3726,"Комплектующие для систем обратного осмоса",,"Комплектующие для систем обратного осмоса купить в Украине","Комплектующие для систем обратного осмоса","Комплектующие для систем обратного осмоса в зоомагазине ZOOcomplex по низкой цене. Звоните ☎ (067) 634-51-39, (050) 421-54-94. Доставка в Киев, Днепр, Одессу, Харьков, Львов",komplektuyushie-dlya-system-osmosa,https://zoocomplex.com.ua/image/catalog/komplektuyushie-dlya-system-osmosa.jpg
3729,3726,"Сменные элементы для фильтров от накипи",,"Сменные элементы для фильтров от накипи купить онлайн","Сменные элементы для фильтров от накипи","Сменные элементы для фильтров от накипи в зоомагазине ZOOcomplex по низкой цене. Звоните ☎ (067) 634-51-39, (050) 421-54-94. Доставка в Киев, Днепр, Одессу, Харьков, Львов",komplektuyushie-dlya-filtrov-ot-nakipy,https://zoocomplex.com.ua/image/catalog/komplektuyushie-dlya-filtrov-ot-nakipy.jpg
3730,3726,"Сменные элементы для проточных фильтров",,"Сменные элементы для проточных фильтров купить онлайн","Сменные элементы для проточных фильтров","Сменные элементы для проточных фильтров в зоомагазине ZOOcomplex по низкой цене. Звоните ☎ (067) 634-51-39, (050) 421-54-94. Доставка в Киев, Днепр, Одессу, Харьков, Львов",komplektuyushie-dlya-protochnyh-filtrov,https://zoocomplex.com.ua/image/catalog/komplektuyushie-dlya-protochnyh-filtrov.jpg
3731,3721,"Бытовые фильтры для воды",,"Бытовые фильтры для воды купить в Киеве, Днепре, Харькове | интернет-магазин ZOOcomplex","Бытовые фильтры для воды","Бытовые фильтры для воды купить в зоомагазине ZOOcomplex по низкой цене. Звоните ☎ (067) 634-51-39, (050) 421-54-94. Доставка в Киев, Днепр, Одессу, Харьков, Львов",bytovie-filtry-dlya-vody,https://zoocomplex.com.ua/image/catalog/bytovie-filtry-dlya-vody.jpg
3732,3731,"Фильтры от накипи",,"Фильтры от накипи купить в Киеве, Днепре, Харькове | интернет-магазин ZOOcomplex","Фильтры от накипи","Фильтры от накипи купить в зоомагазине ZOOcomplex по низкой цене. Звоните ☎ (067) 634-51-39, (050) 421-54-94. Доставка в Киев, Днепр, Одессу, Харьков, Львов",filtry-ot-nakipy,https://zoocomplex.com.ua/image/catalog/filtry-ot-nakipy.jpg
3733,3731,"Фильтры механической очистки",,"Купить фильтр механической очистки воды в Киеве, Днепре, Харькове | интернет-магазин ZOOcomplex","Фильтры механической очистки","Фильтры механической очистки в зоомагазине ZOOcomplex по низкой цене. Звоните ☎ (067) 634-51-39, (050) 421-54-94. Доставка в Киев, Днепр, Одессу, Харьков, Львов",filtry-mehanicheskoy-ochistky,https://zoocomplex.com.ua/image/catalog/filtry-mehanicheskoy-ochistky.jpg
3734,1185,"Грунт для террариума",,,,,,https://zoocomplex.com.ua/image/
